Tiempo			Rojo		Infrarrojo
2.7301323413848877	60593.0	52062.0
2.7301323413848877	60584.0	52057.0
2.7301323413848877	60583.0	52080.0
2.7301323413848877	60557.0	52054.0
2.7301323413848877	60563.0	52068.0
2.7301323413848877	60571.0	52071.0
2.7301323413848877	60604.0	52086.0
2.749136209487915	60609.0	52073.0
2.749136209487915	60580.0	52052.0
2.749136209487915	60584.0	52081.0
2.749136209487915	60570.0	52074.0
2.749136209487915	60591.0	52049.0
2.749136209487915	60602.0	52057.0
2.749136209487915	60576.0	52050.0
2.749136209487915	60574.0	52079.0
2.749136209487915	60570.0	52061.0
2.749136209487915	60586.0	52080.0
2.749136209487915	60589.0	52068.0
2.749136209487915	60582.0	52088.0
2.749136209487915	60583.0	52056.0
2.749136209487915	60603.0	52060.0
2.749136209487915	60593.0	52062.0
2.749136209487915	60590.0	52059.0
2.749136209487915	60567.0	52063.0
2.749136209487915	60582.0	52067.0
2.749136209487915	60558.0	52076.0
2.749136209487915	60584.0	52023.0
2.7791433334350586	60579.0	52041.0
2.7791433334350586	60593.0	52093.0
2.7791433334350586	60572.0	52062.0
2.7791433334350586	60604.0	52056.0
2.7791433334350586	60576.0	52064.0
2.7791433334350586	60563.0	52078.0
2.7791433334350586	60562.0	52061.0
2.7791433334350586	60564.0	52069.0
2.7791433334350586	60574.0	52075.0
2.7791433334350586	60567.0	52070.0
2.7791433334350586	60566.0	52065.0
2.7791433334350586	60583.0	52060.0
2.7791433334350586	60585.0	52078.0
2.7791433334350586	60623.0	52057.0
2.7791433334350586	60578.0	52080.0
2.7791433334350586	60602.0	52079.0
2.7791433334350586	60563.0	52054.0
2.7791433334350586	60588.0	52057.0
2.7791433334350586	60563.0	52080.0
2.7791433334350586	60567.0	52077.0
2.8204500675201416	60554.0	52067.0
2.8204500675201416	60601.0	52087.0
2.8204500675201416	60555.0	52079.0
2.8204500675201416	60558.0	52078.0
2.8204500675201416	60612.0	52035.0
2.8204500675201416	60568.0	52086.0
2.8204500675201416	60568.0	52069.0
2.8204500675201416	60579.0	52067.0
2.8204500675201416	60580.0	52059.0
2.8204500675201416	60567.0	52074.0
2.8204500675201416	60612.0	52063.0
2.8204500675201416	60554.0	52078.0
2.8204500675201416	60589.0	52093.0
2.8204500675201416	60573.0	52066.0
2.8204500675201416	60586.0	52084.0
2.8204500675201416	60559.0	52089.0
2.8204500675201416	60548.0	52051.0
2.8204500675201416	60590.0	52045.0
2.8204500675201416	60588.0	52075.0
2.8204500675201416	60579.0	52063.0
2.8484561443328857	60586.0	52071.0
2.8484561443328857	60572.0	52084.0
2.8484561443328857	60576.0	52074.0
2.8484561443328857	60580.0	52080.0
2.8484561443328857	60578.0	52054.0
2.8484561443328857	60576.0	52054.0
2.8484561443328857	60594.0	52049.0
2.8484561443328857	60568.0	52048.0
2.8484561443328857	60559.0	52058.0
2.8484561443328857	60582.0	52083.0
2.8484561443328857	60568.0	52101.0
2.8484561443328857	60567.0	52055.0
2.8484561443328857	60589.0	52059.0
2.8484561443328857	60587.0	52051.0
2.8484561443328857	60573.0	52075.0
2.8484561443328857	60558.0	52081.0
2.8484561443328857	60608.0	52043.0
2.8484561443328857	60570.0	52071.0
2.8484561443328857	60589.0	52050.0
2.8484561443328857	60591.0	52056.0
2.8924667835235596	60571.0	52047.0
2.8924667835235596	60572.0	52057.0
2.8924667835235596	60578.0	52075.0
2.8924667835235596	60599.0	52063.0
2.8924667835235596	60586.0	52039.0
2.8924667835235596	60586.0	52075.0
2.8924667835235596	60579.0	52042.0
2.8924667835235596	60575.0	52054.0
2.8924667835235596	60573.0	52083.0
2.8924667835235596	60566.0	52060.0
2.8924667835235596	60568.0	52081.0
2.8924667835235596	60590.0	52092.0
2.8924667835235596	60583.0	52041.0
2.8924667835235596	60584.0	52073.0
2.8924667835235596	60579.0	52078.0
2.8924667835235596	60566.0	52047.0
2.8924667835235596	60567.0	52087.0
2.8924667835235596	60572.0	52077.0
2.8924667835235596	60558.0	52069.0
2.8924667835235596	60598.0	52069.0
2.9224741458892822	60571.0	52085.0
2.9224741458892822	60602.0	52065.0
2.9224741458892822	60587.0	52052.0
2.9224741458892822	60547.0	52095.0
2.9224741458892822	60596.0	52088.0
2.9224741458892822	60566.0	52090.0
2.9224741458892822	60551.0	52100.0
2.9224741458892822	60569.0	52077.0
2.9224741458892822	60562.0	52061.0
2.9224741458892822	60606.0	52097.0
2.9224741458892822	60582.0	52077.0
2.9224741458892822	60573.0	52067.0
2.9224741458892822	60602.0	52055.0
2.9224741458892822	60604.0	52050.0
2.9224741458892822	60546.0	52081.0
2.9224741458892822	60569.0	52057.0
2.9224741458892822	60595.0	52072.0
2.9224741458892822	60545.0	52076.0
2.9224741458892822	60562.0	52078.0
2.9224741458892822	60556.0	52068.0
2.950481414794922	60556.0	52087.0
2.950481414794922	60606.0	52058.0
2.950481414794922	60593.0	52049.0
2.950481414794922	60578.0	52077.0
2.950481414794922	60562.0	52066.0
2.950481414794922	60587.0	52045.0
2.950481414794922	60563.0	52056.0
2.950481414794922	60586.0	52066.0
2.950481414794922	60574.0	52041.0
2.950481414794922	60567.0	52067.0
2.950481414794922	60569.0	52077.0
2.950481414794922	60580.0	52050.0
2.950481414794922	60599.0	52073.0
2.950481414794922	60594.0	52070.0
2.950481414794922	60575.0	52078.0
2.950481414794922	60590.0	52095.0
2.950481414794922	60556.0	52082.0
2.950481414794922	60570.0	52042.0
2.950481414794922	60574.0	52086.0
2.950481414794922	60568.0	52076.0
2.9794883728027344	60600.0	52088.0
2.9794883728027344	60578.0	52058.0
2.9794883728027344	60561.0	52082.0
2.9794883728027344	60588.0	52046.0
2.9794883728027344	60587.0	52062.0
2.9794883728027344	60591.0	52062.0
2.9794883728027344	60582.0	52081.0
2.9794883728027344	60579.0	52063.0
2.9794883728027344	60586.0	52078.0
2.9794883728027344	60560.0	52072.0
2.9794883728027344	60561.0	52074.0
2.9794883728027344	60569.0	52054.0
2.9794883728027344	60589.0	52068.0
2.9794883728027344	60585.0	52067.0
2.9794883728027344	60571.0	52076.0
2.9794883728027344	60572.0	52063.0
2.9794883728027344	60571.0	52087.0
2.9794883728027344	60575.0	52073.0
2.9794883728027344	60595.0	52043.0
2.9794883728027344	60562.0	52081.0
3.0184967517852783	60563.0	52069.0
3.0184967517852783	60588.0	52084.0
3.0184967517852783	60559.0	52058.0
3.0184967517852783	60592.0	52066.0
3.0184967517852783	60568.0	52060.0
3.0184967517852783	60588.0	52065.0
3.0184967517852783	60611.0	52058.0
3.0184967517852783	60557.0	52074.0
3.0184967517852783	60589.0	52070.0
3.0184967517852783	60560.0	52069.0
3.0184967517852783	60538.0	52019.0
3.0184967517852783	60565.0	52043.0
3.0184967517852783	60584.0	52076.0
3.0184967517852783	60584.0	52084.0
3.0184967517852783	60578.0	52075.0
3.0184967517852783	60562.0	52071.0
3.0184967517852783	60575.0	52087.0
3.0184967517852783	60576.0	52072.0
3.0184967517852783	60566.0	52042.0
3.0184967517852783	60569.0	52027.0
3.0345005989074707	60591.0	52052.0
3.0345005989074707	60573.0	52061.0
3.0345005989074707	60560.0	52049.0
3.0345005989074707	60579.0	52059.0
3.0345005989074707	60607.0	52077.0
3.0345005989074707	60572.0	52089.0
3.0345005989074707	60573.0	52092.0
3.0345005989074707	60570.0	52065.0
3.0345005989074707	60560.0	52077.0
3.0345005989074707	60563.0	52093.0
3.0345005989074707	60580.0	52083.0
3.0345005989074707	60579.0	52048.0
3.0345005989074707	60578.0	52073.0
3.0345005989074707	60611.0	52066.0
3.0345005989074707	60559.0	52053.0
3.0345005989074707	60544.0	52075.0
3.0345005989074707	60554.0	52072.0
3.0345005989074707	60598.0	52074.0
3.0345005989074707	60604.0	52072.0
3.0345005989074707	60580.0	52043.0
3.063507080078125	60589.0	52047.0
3.063507080078125	60581.0	52032.0
3.063507080078125	60562.0	52087.0
3.063507080078125	60573.0	52047.0
3.063507080078125	60576.0	52093.0
3.063507080078125	60595.0	52086.0
3.063507080078125	60548.0	52036.0
3.063507080078125	60583.0	52058.0
3.063507080078125	60578.0	52066.0
3.063507080078125	60564.0	52061.0
3.063507080078125	60564.0	52067.0
3.063507080078125	60579.0	52080.0
3.063507080078125	60591.0	52085.0
3.063507080078125	60591.0	52081.0
3.063507080078125	60590.0	52063.0
3.063507080078125	60589.0	52059.0
3.063507080078125	60598.0	52063.0
3.063507080078125	60574.0	52047.0
3.063507080078125	60566.0	52064.0
3.063507080078125	60558.0	52058.0
3.0925140380859375	60586.0	52068.0
3.0925140380859375	60569.0	52078.0
3.0925140380859375	60570.0	52079.0
3.0925140380859375	60577.0	52044.0
3.0925140380859375	60576.0	52076.0
3.0925140380859375	60585.0	52052.0
3.0925140380859375	60572.0	52052.0
3.0925140380859375	60578.0	52047.0
3.0925140380859375	60597.0	52086.0
3.0925140380859375	60623.0	52056.0
3.0925140380859375	60570.0	52094.0
3.0925140380859375	60581.0	52048.0
3.0925140380859375	60595.0	52088.0
3.0925140380859375	60595.0	52035.0
3.0925140380859375	60573.0	52064.0
3.0925140380859375	60576.0	52073.0
3.0925140380859375	60559.0	52043.0
3.0925140380859375	60579.0	52067.0
3.0925140380859375	60584.0	52072.0
3.0925140380859375	60586.0	52071.0
3.0935139656066895	60576.0	52045.0
3.0935139656066895	60584.0	52070.0
3.0935139656066895	60600.0	52098.0
3.0935139656066895	60563.0	52059.0
3.0935139656066895	60557.0	52044.0
3.0935139656066895	60559.0	52088.0
3.0935139656066895	60585.0	52077.0
3.0935139656066895	60591.0	52065.0
3.0935139656066895	60568.0	52077.0
3.0935139656066895	60553.0	52050.0
3.0935139656066895	60573.0	52068.0
3.0935139656066895	60607.0	52078.0
3.0935139656066895	60585.0	52105.0
3.0935139656066895	60584.0	52078.0
3.0935139656066895	60587.0	52061.0
3.0935139656066895	60566.0	52079.0
3.0935139656066895	60576.0	52064.0
3.0935139656066895	60553.0	52069.0
3.0935139656066895	60558.0	52089.0
3.0935139656066895	60575.0	52073.0
3.0945141315460205	60573.0	52064.0
3.0945141315460205	60578.0	52070.0
3.0945141315460205	60582.0	52074.0
3.0945141315460205	60591.0	52057.0
3.0945141315460205	60563.0	52037.0
3.0945141315460205	60563.0	52072.0
3.0945141315460205	60572.0	52056.0
3.0945141315460205	60598.0	52063.0
3.0945141315460205	60580.0	52057.0
3.0945141315460205	60581.0	52031.0
3.0945141315460205	60586.0	52063.0
3.0945141315460205	60579.0	52077.0
3.0945141315460205	60603.0	52081.0
3.0945141315460205	60591.0	52049.0
3.0945141315460205	60594.0	52062.0
3.0945141315460205	60587.0	52065.0
3.0945141315460205	60565.0	52048.0
3.0945141315460205	60570.0	52077.0
3.0945141315460205	60571.0	52088.0
3.0945141315460205	60569.0	52062.0
3.0955145359039307	60586.0	52071.0
3.0955145359039307	60585.0	52066.0
3.0955145359039307	60587.0	52082.0
3.0955145359039307	60557.0	52068.0
3.0955145359039307	60539.0	52063.0
3.0955145359039307	60556.0	52058.0
3.0955145359039307	60553.0	52070.0
3.0955145359039307	60585.0	52056.0
3.0955145359039307	60575.0	52073.0
3.0955145359039307	60580.0	52061.0
3.0955145359039307	60558.0	52074.0
3.0955145359039307	60555.0	52017.0
3.0955145359039307	60578.0	52073.0
3.0955145359039307	60610.0	52042.0
3.0955145359039307	60579.0	52065.0
3.0955145359039307	60573.0	52062.0
3.0955145359039307	60556.0	52088.0
3.0955145359039307	60584.0	52086.0
3.0955145359039307	60605.0	52058.0
3.0955145359039307	60571.0	52094.0
3.0955145359039307	60560.0	52056.0
3.0955145359039307	60572.0	52049.0
3.0955145359039307	60591.0	52041.0
3.0955145359039307	60596.0	52089.0
3.0955145359039307	60561.0	52052.0
3.0955145359039307	60583.0	52089.0
3.0955145359039307	60579.0	52083.0
3.0955145359039307	60587.0	52059.0
3.0955145359039307	60579.0	52091.0
3.0955145359039307	60563.0	52087.0
3.0955145359039307	60586.0	52075.0
3.0955145359039307	60548.0	52086.0
3.0955145359039307	60602.0	52052.0
3.0955145359039307	60610.0	52080.0
3.0955145359039307	60589.0	52086.0
3.0955145359039307	60564.0	52082.0
3.0955145359039307	60564.0	52062.0
3.0955145359039307	60594.0	52052.0
3.0955145359039307	60585.0	52080.0
3.0955145359039307	60564.0	52042.0
3.096514940261841	60574.0	52077.0
3.096514940261841	60581.0	52061.0
3.096514940261841	60599.0	52080.0
3.096514940261841	60601.0	52069.0
3.096514940261841	60582.0	52064.0
3.096514940261841	60585.0	52065.0
3.096514940261841	60601.0	52040.0
3.096514940261841	60594.0	52037.0
3.096514940261841	60549.0	52089.0
3.096514940261841	60574.0	52062.0
3.096514940261841	60568.0	52092.0
3.096514940261841	60599.0	52071.0
3.096514940261841	60614.0	52084.0
3.096514940261841	60599.0	52088.0
3.096514940261841	60560.0	52060.0
3.096514940261841	60566.0	52081.0
3.096514940261841	60580.0	52057.0
3.096514940261841	60570.0	52085.0
3.096514940261841	60588.0	52092.0
3.096514940261841	60565.0	52041.0
3.097515106201172	60573.0	52081.0
3.097515106201172	60573.0	52069.0
3.097515106201172	60542.0	52070.0
3.097515106201172	60543.0	52084.0
3.097515106201172	60600.0	52085.0
3.097515106201172	60581.0	52054.0
3.097515106201172	60568.0	52062.0
3.097515106201172	60562.0	52068.0
3.097515106201172	60586.0	52063.0
3.097515106201172	60574.0	52062.0
3.097515106201172	60574.0	52094.0
3.097515106201172	60588.0	52052.0
3.097515106201172	60610.0	52078.0
3.097515106201172	60622.0	52089.0
3.097515106201172	60566.0	52083.0
3.097515106201172	60555.0	52058.0
3.097515106201172	60585.0	52079.0
3.097515106201172	60568.0	52084.0
3.097515106201172	60598.0	52071.0
3.097515106201172	60584.0	52050.0
3.1105213165283203	60561.0	52074.0
3.1105213165283203	60577.0	52092.0
3.1105213165283203	60587.0	52075.0
3.1105213165283203	60560.0	52076.0
3.1105213165283203	60554.0	52056.0
3.1105213165283203	60585.0	52045.0
3.1105213165283203	60587.0	52058.0
3.1105213165283203	60578.0	52056.0
3.1105213165283203	60580.0	52070.0
3.1105213165283203	60559.0	52081.0
3.1105213165283203	60581.0	52043.0
3.1105213165283203	60593.0	52060.0
3.1105213165283203	60605.0	52074.0
3.1105213165283203	60594.0	52045.0
3.1105213165283203	60583.0	52057.0
3.1105213165283203	60589.0	52075.0
3.1105213165283203	60553.0	52085.0
3.1105213165283203	60567.0	52075.0
3.1105213165283203	60595.0	52083.0
3.1105213165283203	60597.0	52061.0
3.1310107707977295	60597.0	52036.0
3.1310107707977295	60589.0	52090.0
3.1310107707977295	60571.0	52085.0
3.1310107707977295	60575.0	52058.0
3.1310107707977295	60574.0	52070.0
3.1310107707977295	60563.0	52075.0
3.1310107707977295	60576.0	52084.0
3.1310107707977295	60560.0	52063.0
3.1310107707977295	60572.0	52055.0
3.1310107707977295	60570.0	52068.0
3.1310107707977295	60567.0	52051.0
3.1310107707977295	60537.0	52074.0
3.1310107707977295	60608.0	52074.0
3.1310107707977295	60568.0	52012.0
3.1310107707977295	60550.0	52074.0
3.1310107707977295	60560.0	52039.0
3.1310107707977295	60586.0	52074.0
3.1310107707977295	60565.0	52076.0
3.1310107707977295	60571.0	52076.0
3.1310107707977295	60575.0	52075.0
3.1580188274383545	60579.0	52080.0
3.1580188274383545	60585.0	52060.0
3.1580188274383545	60583.0	52069.0
3.1580188274383545	60578.0	52071.0
3.1580188274383545	60569.0	52062.0
3.1580188274383545	60540.0	52056.0
3.1580188274383545	60587.0	52076.0
3.1580188274383545	60562.0	52071.0
3.1580188274383545	60604.0	52045.0
3.1580188274383545	60569.0	52067.0
3.1580188274383545	60589.0	52066.0
3.1580188274383545	60568.0	52070.0
3.1580188274383545	60593.0	52058.0
3.1580188274383545	60593.0	52055.0
3.1580188274383545	60594.0	52074.0
3.1580188274383545	60619.0	52053.0
3.1580188274383545	60572.0	52023.0
3.1580188274383545	60579.0	52078.0
3.1580188274383545	60579.0	52064.0
3.1580188274383545	60572.0	52047.0
3.1850247383117676	60584.0	52050.0
3.1850247383117676	60564.0	52102.0
3.1850247383117676	60593.0	52084.0
3.1850247383117676	60589.0	52062.0
3.1850247383117676	60578.0	52091.0
3.1850247383117676	60559.0	52078.0
3.1850247383117676	60567.0	52072.0
3.1850247383117676	60558.0	52076.0
3.1850247383117676	60599.0	52052.0
3.1850247383117676	60565.0	52073.0
3.1850247383117676	60582.0	52068.0
3.1850247383117676	60537.0	52046.0
3.1850247383117676	60584.0	52110.0
3.1850247383117676	60596.0	52048.0
3.1850247383117676	60585.0	52088.0
3.1850247383117676	60562.0	52075.0
3.1850247383117676	60564.0	52037.0
3.1850247383117676	60534.0	52079.0
3.1850247383117676	60567.0	52061.0
3.1850247383117676	60574.0	52058.0
3.191067695617676	60569.0	52057.0
3.191067695617676	60591.0	52076.0
3.191067695617676	60566.0	52071.0
3.191067695617676	60594.0	52054.0
3.191067695617676	60594.0	52070.0
3.191067695617676	60552.0	52064.0
3.191067695617676	60573.0	52049.0
3.191067695617676	60617.0	52060.0
3.191067695617676	60575.0	52062.0
3.191067695617676	60599.0	52069.0
3.191067695617676	60563.0	52064.0
3.191067695617676	60570.0	52049.0
3.191067695617676	60582.0	52083.0
3.191067695617676	60618.0	52090.0
3.191067695617676	60596.0	52051.0
3.191067695617676	60579.0	52054.0
3.191067695617676	60590.0	52054.0
3.191067695617676	60604.0	52063.0
3.191067695617676	60575.0	52107.0
3.191067695617676	60570.0	52082.0
3.211378812789917	60590.0	52033.0
3.211378812789917	60585.0	52056.0
3.211378812789917	60606.0	52058.0
3.211378812789917	60569.0	52094.0
3.211378812789917	60587.0	52072.0
3.211378812789917	60609.0	52058.0
3.211378812789917	60568.0	52090.0
3.211378812789917	60572.0	52100.0
3.211378812789917	60577.0	52049.0
3.211378812789917	60540.0	52081.0
3.211378812789917	60614.0	52059.0
3.211378812789917	60592.0	52030.0
3.211378812789917	60588.0	52102.0
3.211378812789917	60596.0	52081.0
3.211378812789917	60582.0	52071.0
3.211378812789917	60562.0	52081.0
3.211378812789917	60597.0	52087.0
3.211378812789917	60607.0	52082.0
3.211378812789917	60569.0	52083.0
3.211378812789917	60605.0	52067.0
3.2370426654815674	60596.0	52028.0
3.2370426654815674	60589.0	52046.0
3.2370426654815674	60577.0	52046.0
3.2370426654815674	60600.0	52069.0
3.2370426654815674	60570.0	52044.0
3.2370426654815674	60588.0	52054.0
3.2370426654815674	60586.0	52059.0
3.2370426654815674	60551.0	52058.0
3.2370426654815674	60545.0	52058.0
3.2370426654815674	60603.0	52070.0
3.2370426654815674	60584.0	52064.0
3.2370426654815674	60571.0	52066.0
3.2370426654815674	60624.0	52048.0
3.2370426654815674	60600.0	52073.0
3.2370426654815674	60602.0	52067.0
3.2370426654815674	60569.0	52078.0
3.2370426654815674	60576.0	52067.0
3.2370426654815674	60605.0	52052.0
3.2370426654815674	60584.0	52076.0
3.2370426654815674	60595.0	52085.0
3.279052257537842	60607.0	52060.0
3.279052257537842	60586.0	52090.0
3.279052257537842	60594.0	52063.0
3.279052257537842	60579.0	52074.0
3.279052257537842	60608.0	52041.0
3.279052257537842	60571.0	52049.0
3.279052257537842	60564.0	52075.0
3.279052257537842	60573.0	52075.0
3.279052257537842	60594.0	52066.0
3.279052257537842	60607.0	52067.0
3.279052257537842	60577.0	52055.0
3.279052257537842	60570.0	52054.0
3.279052257537842	60579.0	52078.0
3.279052257537842	60585.0	52069.0
3.279052257537842	60578.0	52079.0
3.279052257537842	60577.0	52051.0
3.279052257537842	60566.0	52078.0
3.279052257537842	60572.0	52056.0
3.279052257537842	60599.0	52072.0
3.279052257537842	60550.0	52079.0
3.2960567474365234	60579.0	52107.0
3.2960567474365234	60583.0	52056.0
3.2960567474365234	60597.0	52082.0
3.2960567474365234	60584.0	52077.0
3.2960567474365234	60548.0	52058.0
3.2960567474365234	60581.0	52050.0
3.2960567474365234	60589.0	52076.0
3.2960567474365234	60560.0	52063.0
3.2960567474365234	60529.0	52059.0
3.2960567474365234	60579.0	52080.0
3.2960567474365234	60593.0	52069.0
3.2960567474365234	60572.0	52053.0
3.2960567474365234	60591.0	52062.0
3.2960567474365234	60566.0	52085.0
3.2960567474365234	60566.0	52077.0
3.2960567474365234	60579.0	52070.0
3.2960567474365234	60551.0	52055.0
3.2960567474365234	60593.0	52090.0
3.2960567474365234	60548.0	52082.0
3.2960567474365234	60588.0	52059.0
3.2970571517944336	60568.0	52041.0
3.2970571517944336	60551.0	52043.0
3.2970571517944336	60573.0	52048.0
3.2970571517944336	60576.0	52068.0
3.2970571517944336	60549.0	52089.0
3.2970571517944336	60568.0	52086.0
3.2970571517944336	60589.0	52049.0
3.2970571517944336	60564.0	52031.0
3.2970571517944336	60577.0	52084.0
3.2970571517944336	60600.0	52064.0
3.2970571517944336	60573.0	52091.0
3.2970571517944336	60567.0	52028.0
3.2970571517944336	60613.0	52073.0
3.2970571517944336	60608.0	52085.0
3.2970571517944336	60574.0	52041.0
3.2970571517944336	60565.0	52047.0
3.2970571517944336	60582.0	52070.0
3.2970571517944336	60560.0	52064.0
3.2970571517944336	60545.0	52069.0
3.2970571517944336	60570.0	52103.0
3.3114895820617676	60573.0	52079.0
3.3114895820617676	60586.0	52079.0
3.3114895820617676	60586.0	52081.0
3.3114895820617676	60580.0	52059.0
3.3114895820617676	60576.0	52066.0
3.3114895820617676	60551.0	52049.0
3.3114895820617676	60560.0	52068.0
3.3114895820617676	60577.0	52088.0
3.3114895820617676	60562.0	52051.0
3.3114895820617676	60609.0	52073.0
3.3114895820617676	60576.0	52085.0
3.3114895820617676	60598.0	52052.0
3.3114895820617676	60595.0	52067.0
3.3114895820617676	60587.0	52080.0
3.3114895820617676	60560.0	52041.0
3.3114895820617676	60606.0	52079.0
3.3114895820617676	60575.0	52077.0
3.3114895820617676	60601.0	52054.0
3.3114895820617676	60577.0	52068.0
3.3114895820617676	60592.0	52066.0
3.3570706844329834	60579.0	52056.0
3.3570706844329834	60595.0	52059.0
3.3570706844329834	60567.0	52072.0
3.3570706844329834	60589.0	52057.0
3.3570706844329834	60573.0	52098.0
3.3570706844329834	60587.0	52039.0
3.3570706844329834	60597.0	52045.0
3.3570706844329834	60565.0	52063.0
3.3570706844329834	60546.0	52052.0
3.3570706844329834	60558.0	52083.0
3.3570706844329834	60537.0	52071.0
3.3570706844329834	60596.0	52102.0
3.3570706844329834	60574.0	52057.0
3.3570706844329834	60587.0	52079.0
3.3570706844329834	60543.0	52066.0
3.3570706844329834	60558.0	52086.0
3.3570706844329834	60588.0	52074.0
3.3570706844329834	60567.0	52060.0
3.3570706844329834	60588.0	52056.0
3.3570706844329834	60578.0	52077.0
3.373074531555176	60603.0	52081.0
3.373074531555176	60601.0	52040.0
3.373074531555176	60601.0	52083.0
3.373074531555176	60580.0	52072.0
3.373074531555176	60562.0	52067.0
3.373074531555176	60526.0	52057.0
3.373074531555176	60557.0	52074.0
3.373074531555176	60581.0	52068.0
3.373074531555176	60584.0	52069.0
3.373074531555176	60597.0	52069.0
3.373074531555176	60568.0	52072.0
3.373074531555176	60573.0	52028.0
3.373074531555176	60592.0	52082.0
3.373074531555176	60602.0	52072.0
3.373074531555176	60561.0	52074.0
3.373074531555176	60577.0	52058.0
3.373074531555176	60581.0	52048.0
3.373074531555176	60560.0	52042.0
3.373074531555176	60594.0	52086.0
3.373074531555176	60587.0	52083.0
3.3740742206573486	60541.0	52082.0
3.3740742206573486	60583.0	52071.0
3.3740742206573486	60567.0	52065.0
3.3740742206573486	60569.0	52055.0
3.3740742206573486	60567.0	52079.0
3.3740742206573486	60566.0	52087.0
3.3740742206573486	60569.0	52066.0
3.3740742206573486	60594.0	52081.0
3.3740742206573486	60580.0	52055.0
3.3740742206573486	60589.0	52077.0
3.3740742206573486	60568.0	52084.0
3.3740742206573486	60559.0	52032.0
3.3740742206573486	60590.0	52063.0
3.3740742206573486	60623.0	52085.0
3.3740742206573486	60568.0	52053.0
3.3740742206573486	60571.0	52068.0
3.3740742206573486	60586.0	52049.0
3.3740742206573486	60580.0	52076.0
3.3740742206573486	60583.0	52054.0
3.3740742206573486	60590.0	52067.0
3.3920774459838867	60578.0	52076.0
3.3920774459838867	60590.0	52071.0
3.3920774459838867	60580.0	52060.0
3.3920774459838867	60555.0	52049.0
3.3920774459838867	60582.0	52058.0
3.3920774459838867	60581.0	52091.0
3.3920774459838867	60582.0	52063.0
3.3920774459838867	60584.0	52069.0
3.3920774459838867	60555.0	52067.0
3.3920774459838867	60589.0	52068.0
3.3920774459838867	60581.0	52067.0
3.3920774459838867	60560.0	52061.0
3.3920774459838867	60582.0	52062.0
3.3920774459838867	60603.0	52065.0
3.3920774459838867	60575.0	52071.0
3.3920774459838867	60592.0	52078.0
3.3920774459838867	60585.0	52079.0
3.3920774459838867	60604.0	52046.0
3.3920774459838867	60583.0	52075.0
3.3920774459838867	60556.0	52084.0
3.427008628845215	60586.0	52045.0
3.427008628845215	60586.0	52066.0
3.427008628845215	60580.0	52048.0
3.427008628845215	60575.0	52069.0
3.427008628845215	60587.0	52076.0
3.427008628845215	60597.0	52039.0
3.427008628845215	60563.0	52081.0
3.427008628845215	60564.0	52083.0
3.427008628845215	60567.0	52083.0
3.427008628845215	60565.0	52084.0
3.427008628845215	60569.0	52079.0
3.427008628845215	60574.0	52053.0
3.427008628845215	60596.0	52071.0
3.427008628845215	60594.0	52075.0
3.427008628845215	60580.0	52078.0
3.427008628845215	60606.0	52066.0
3.427008628845215	60603.0	52044.0
3.427008628845215	60551.0	52049.0
3.427008628845215	60587.0	52083.0
3.427008628845215	60594.0	52079.0
3.455014705657959	60576.0	52061.0
3.455014705657959	60586.0	52060.0
3.455014705657959	60571.0	52080.0
3.455014705657959	60578.0	52064.0
3.455014705657959	60577.0	52075.0
3.455014705657959	60598.0	52064.0
3.455014705657959	60589.0	52084.0
3.455014705657959	60583.0	52085.0
3.455014705657959	60583.0	52064.0
3.455014705657959	60579.0	52035.0
3.455014705657959	60581.0	52074.0
3.455014705657959	60572.0	52074.0
3.455014705657959	60589.0	52062.0
3.455014705657959	60608.0	52083.0
3.455014705657959	60605.0	52052.0
3.455014705657959	60576.0	52026.0
3.455014705657959	60575.0	52075.0
3.455014705657959	60557.0	52084.0
3.455014705657959	60566.0	52080.0
3.455014705657959	60603.0	52095.0
3.4560155868530273	60589.0	52079.0
3.4560155868530273	60604.0	52089.0
3.4560155868530273	60575.0	52073.0
3.4560155868530273	60556.0	52069.0
3.4560155868530273	60573.0	52067.0
3.4560155868530273	60574.0	52075.0
3.4560155868530273	60596.0	52060.0
3.4560155868530273	60582.0	52057.0
3.4560155868530273	60572.0	52070.0
3.4560155868530273	60598.0	52057.0
3.4560155868530273	60613.0	52065.0
3.4560155868530273	60578.0	52076.0
3.4560155868530273	60572.0	52080.0
3.4560155868530273	60624.0	52085.0
3.4560155868530273	60572.0	52041.0
3.4560155868530273	60581.0	52051.0
3.4560155868530273	60597.0	52059.0
3.4560155868530273	60559.0	52082.0
3.4560155868530273	60585.0	52085.0
3.4560155868530273	60566.0	52061.0
3.472022771835327	60594.0	52063.0
3.472022771835327	60571.0	52073.0
3.472022771835327	60609.0	52048.0
3.472022771835327	60559.0	52081.0
3.472022771835327	60549.0	52067.0
3.472022771835327	60608.0	52057.0
3.472022771835327	60567.0	52065.0
3.472022771835327	60563.0	52050.0
3.472022771835327	60584.0	52058.0
3.472022771835327	60591.0	52079.0
3.472022771835327	60581.0	52088.0
3.472022771835327	60580.0	52008.0
3.472022771835327	60621.0	52091.0
3.472022771835327	60557.0	52051.0
3.472022771835327	60562.0	52075.0
3.472022771835327	60573.0	52064.0
3.472022771835327	60620.0	52092.0
3.472022771835327	60559.0	52066.0
3.472022771835327	60564.0	52058.0
3.472022771835327	60593.0	52063.0
3.49212908744812	60566.0	52061.0
3.49212908744812	60569.0	52082.0
3.49212908744812	60562.0	52071.0
3.49212908744812	60577.0	52067.0
3.49212908744812	60570.0	52073.0
3.49212908744812	60566.0	52036.0
3.49212908744812	60581.0	52046.0
3.49212908744812	60594.0	52058.0
3.49212908744812	60582.0	52066.0
3.49212908744812	60584.0	52082.0
3.49212908744812	60583.0	52065.0
3.49212908744812	60576.0	52061.0
3.49212908744812	60589.0	52062.0
3.49212908744812	60610.0	52068.0
3.49212908744812	60566.0	52065.0
3.49212908744812	60592.0	52058.0
3.49212908744812	60561.0	52072.0
3.49212908744812	60566.0	52086.0
3.49212908744812	60575.0	52066.0
3.49212908744812	60576.0	52053.0
3.5331406593322754	60576.0	52059.0
3.5331406593322754	60582.0	52083.0
3.5331406593322754	60562.0	52085.0
3.5331406593322754	60568.0	52069.0
3.5331406593322754	60577.0	52057.0
3.5331406593322754	60568.0	52089.0
3.5331406593322754	60594.0	52071.0
3.5331406593322754	60566.0	52050.0
3.5331406593322754	60613.0	52063.0
3.5331406593322754	60581.0	52085.0
3.5331406593322754	60579.0	52059.0
3.5331406593322754	60583.0	52073.0
3.5331406593322754	60605.0	52086.0
3.5331406593322754	60602.0	52084.0
3.5331406593322754	60593.0	52079.0
3.5331406593322754	60566.0	52077.0
3.5331406593322754	60586.0	52069.0
3.5331406593322754	60571.0	52071.0
3.5331406593322754	60553.0	52079.0
3.5331406593322754	60607.0	52074.0
3.549144983291626	60578.0	52042.0
3.549144983291626	60580.0	52031.0
3.549144983291626	60596.0	52084.0
3.549144983291626	60594.0	52060.0
3.549144983291626	60564.0	52076.0
3.549144983291626	60540.0	52067.0
3.549144983291626	60595.0	52081.0
3.549144983291626	60597.0	52055.0
3.549144983291626	60576.0	52056.0
3.549144983291626	60576.0	52097.0
3.549144983291626	60563.0	52052.0
3.549144983291626	60585.0	52043.0
3.549144983291626	60590.0	52076.0
3.549144983291626	60628.0	52052.0
3.549144983291626	60575.0	52063.0
3.549144983291626	60581.0	52077.0
3.549144983291626	60572.0	52067.0
3.549144983291626	60585.0	52054.0
3.549144983291626	60568.0	52060.0
3.549144983291626	60557.0	52080.0
3.553150177001953	60585.0	52044.0
3.553150177001953	60551.0	52073.0
3.553150177001953	60560.0	52086.0
3.553150177001953	60573.0	52070.0
3.553150177001953	60596.0	52035.0
3.553150177001953	60576.0	52040.0
3.553150177001953	60584.0	52071.0
3.553150177001953	60593.0	52054.0
3.553150177001953	60585.0	52042.0
3.553150177001953	60593.0	52085.0
3.553150177001953	60566.0	52073.0
3.553150177001953	60550.0	52037.0
3.553150177001953	60612.0	52061.0
3.553150177001953	60600.0	52064.0
3.553150177001953	60550.0	52046.0
3.553150177001953	60561.0	52069.0
3.553150177001953	60586.0	52085.0
3.553150177001953	60553.0	52068.0
3.553150177001953	60572.0	52090.0
3.553150177001953	60593.0	52078.0
3.573071241378784	60573.0	52084.0
3.573071241378784	60576.0	52059.0
3.573071241378784	60586.0	52063.0
3.573071241378784	60571.0	52075.0
3.573071241378784	60556.0	52068.0
3.573071241378784	60600.0	52049.0
3.573071241378784	60556.0	52065.0
3.573071241378784	60592.0	52056.0
3.573071241378784	60587.0	52078.0
3.573071241378784	60572.0	52057.0
3.573071241378784	60561.0	52079.0
3.573071241378784	60575.0	52047.0
3.573071241378784	60598.0	52070.0
3.573071241378784	60620.0	52076.0
3.573071241378784	60569.0	52082.0
3.573071241378784	60552.0	52058.0
3.573071241378784	60618.0	52047.0
3.573071241378784	60540.0	52057.0
3.573071241378784	60564.0	52057.0
3.573071241378784	60574.0	52068.0
3.593191385269165	60576.0	52051.0
3.593191385269165	60604.0	52051.0
3.593191385269165	60581.0	52074.0
3.593191385269165	60590.0	52058.0
3.593191385269165	60593.0	52065.0
3.593191385269165	60582.0	52041.0
3.593191385269165	60592.0	52085.0
3.593191385269165	60576.0	52073.0
3.593191385269165	60571.0	52049.0
3.593191385269165	60572.0	52071.0
3.593191385269165	60590.0	52048.0
3.593191385269165	60566.0	52069.0
3.593191385269165	60604.0	52053.0
3.593191385269165	60594.0	52069.0
3.593191385269165	60564.0	52084.0
3.593191385269165	60567.0	52066.0
3.593191385269165	60590.0	52066.0
3.593191385269165	60560.0	52072.0
3.593191385269165	60556.0	52048.0
3.593191385269165	60544.0	52081.0
3.6291608810424805	60579.0	52066.0
3.6291608810424805	60551.0	52048.0
3.6291608810424805	60584.0	52068.0
3.6291608810424805	60602.0	52033.0
3.6291608810424805	60575.0	52055.0
3.6291608810424805	60575.0	52069.0
3.6291608810424805	60570.0	52089.0
3.6291608810424805	60571.0	52085.0
3.6291608810424805	60589.0	52076.0
3.6291608810424805	60563.0	52079.0
3.6291608810424805	60564.0	52102.0
3.6291608810424805	60568.0	52025.0
3.6291608810424805	60589.0	52085.0
3.6291608810424805	60608.0	52059.0
3.6291608810424805	60582.0	52054.0
3.6291608810424805	60579.0	52073.0
3.6291608810424805	60551.0	52088.0
3.6291608810424805	60577.0	52053.0
3.6291608810424805	60568.0	52074.0
3.6291608810424805	60554.0	52068.0
3.6571669578552246	60572.0	52077.0
3.6571669578552246	60605.0	52099.0
3.6571669578552246	60570.0	52065.0
3.6571669578552246	60566.0	52105.0
3.6571669578552246	60585.0	52058.0
3.6571669578552246	60556.0	52072.0
3.6571669578552246	60590.0	52088.0
3.6571669578552246	60584.0	52059.0
3.6571669578552246	60582.0	52071.0
3.6571669578552246	60566.0	52061.0
3.6571669578552246	60581.0	52052.0
3.6571669578552246	60563.0	52078.0
3.6571669578552246	60580.0	52051.0
3.6571669578552246	60595.0	52051.0
3.6571669578552246	60581.0	52045.0
3.6571669578552246	60600.0	52081.0
3.6571669578552246	60569.0	52081.0
3.6571669578552246	60550.0	52038.0
3.6571669578552246	60579.0	52056.0
3.6571669578552246	60588.0	52063.0
3.658167600631714	60596.0	52052.0
3.658167600631714	60573.0	52056.0
3.658167600631714	60581.0	52062.0
3.658167600631714	60566.0	52064.0
3.658167600631714	60568.0	52080.0
3.658167600631714	60576.0	52060.0
3.658167600631714	60589.0	52057.0
3.658167600631714	60593.0	52065.0
3.658167600631714	60566.0	52065.0
3.658167600631714	60576.0	52075.0
3.658167600631714	60572.0	52065.0
3.658167600631714	60550.0	52080.0
3.658167600631714	60578.0	52067.0
3.658167600631714	60619.0	52078.0
3.658167600631714	60564.0	52072.0
3.658167600631714	60544.0	52109.0
3.658167600631714	60552.0	52072.0
3.658167600631714	60596.0	52088.0
3.658167600631714	60581.0	52043.0
3.658167600631714	60566.0	52054.0
3.673682689666748	60575.0	52044.0
3.673682689666748	60564.0	52074.0
3.673682689666748	60607.0	52060.0
3.673682689666748	60578.0	52056.0
3.673682689666748	60587.0	52098.0
3.673682689666748	60568.0	52085.0
3.673682689666748	60582.0	52077.0
3.673682689666748	60579.0	52078.0
3.673682689666748	60577.0	52050.0
3.673682689666748	60593.0	52023.0
3.673682689666748	60558.0	52068.0
3.673682689666748	60605.0	52054.0
3.673682689666748	60594.0	52061.0
3.673682689666748	60591.0	52078.0
3.673682689666748	60582.0	52067.0
3.673682689666748	60565.0	52049.0
3.673682689666748	60573.0	52084.0
3.673682689666748	60585.0	52071.0
3.673682689666748	60572.0	52094.0
3.673682689666748	60570.0	52053.0
3.69380259513855	60577.0	52066.0
3.69380259513855	60594.0	52066.0
3.69380259513855	60599.0	52085.0
3.69380259513855	60569.0	52062.0
3.69380259513855	60567.0	52072.0
3.69380259513855	60589.0	52060.0
3.69380259513855	60591.0	52089.0
3.69380259513855	60587.0	52095.0
3.69380259513855	60571.0	52075.0
3.69380259513855	60540.0	52075.0
3.69380259513855	60603.0	52087.0
3.69380259513855	60553.0	52070.0
3.69380259513855	60592.0	52059.0
3.69380259513855	60622.0	52057.0
3.69380259513855	60587.0	52055.0
3.69380259513855	60600.0	52066.0
3.69380259513855	60559.0	52070.0
3.69380259513855	60591.0	52083.0
3.69380259513855	60592.0	52078.0
3.69380259513855	60576.0	52084.0
3.7388148307800293	60584.0	52073.0
3.7388148307800293	60552.0	52052.0
3.7388148307800293	60548.0	52064.0
3.7388148307800293	60564.0	52076.0
3.7388148307800293	60571.0	52086.0
3.7388148307800293	60560.0	52059.0
3.7388148307800293	60591.0	52072.0
3.7388148307800293	60586.0	52077.0
3.7388148307800293	60594.0	52053.0
3.7388148307800293	60556.0	52057.0
3.7388148307800293	60600.0	52091.0
3.7388148307800293	60590.0	52056.0
3.7388148307800293	60594.0	52074.0
3.7388148307800293	60590.0	52083.0
3.7388148307800293	60551.0	52058.0
3.7388148307800293	60596.0	52061.0
3.7388148307800293	60563.0	52041.0
3.7388148307800293	60561.0	52070.0
3.7388148307800293	60575.0	52040.0
3.7388148307800293	60585.0	52079.0
3.7558186054229736	60577.0	52053.0
3.7558186054229736	60586.0	52068.0
3.7558186054229736	60562.0	52081.0
3.7558186054229736	60584.0	52044.0
3.7558186054229736	60565.0	52074.0
3.7558186054229736	60571.0	52077.0
3.7558186054229736	60592.0	52080.0
3.7558186054229736	60558.0	52053.0
3.7558186054229736	60598.0	52059.0
3.7558186054229736	60568.0	52050.0
3.7558186054229736	60582.0	52077.0
3.7558186054229736	60565.0	52040.0
3.7558186054229736	60627.0	52050.0
3.7558186054229736	60595.0	52078.0
3.7558186054229736	60580.0	52063.0
3.7558186054229736	60590.0	52045.0
3.7558186054229736	60572.0	52057.0
3.7558186054229736	60586.0	52069.0
3.7558186054229736	60604.0	52071.0
3.7558186054229736	60583.0	52064.0
3.7568187713623047	60567.0	52076.0
3.7568187713623047	60573.0	52075.0
3.7568187713623047	60607.0	52058.0
3.7568187713623047	60553.0	52051.0
3.7568187713623047	60587.0	52061.0
3.7568187713623047	60554.0	52053.0
3.7568187713623047	60563.0	52069.0
3.7568187713623047	60550.0	52073.0
3.7568187713623047	60576.0	52067.0
3.7568187713623047	60550.0	52046.0
3.7568187713623047	60536.0	52057.0
3.7568187713623047	60560.0	52079.0
3.7568187713623047	60584.0	52064.0
3.7568187713623047	60604.0	52051.0
3.7568187713623047	60575.0	52068.0
3.7568187713623047	60579.0	52055.0
3.7568187713623047	60561.0	52074.0
3.7568187713623047	60544.0	52051.0
3.7568187713623047	60594.0	52058.0
3.7568187713623047	60569.0	52061.0
3.7738230228424072	60570.0	52063.0
3.7738230228424072	60555.0	52081.0
3.7738230228424072	60588.0	52066.0
3.7738230228424072	60578.0	52082.0
3.7738230228424072	60593.0	52060.0
3.7738230228424072	60589.0	52080.0
3.7738230228424072	60558.0	52051.0
3.7738230228424072	60582.0	52073.0
3.7738230228424072	60584.0	52045.0
3.7738230228424072	60584.0	52086.0
3.7738230228424072	60575.0	52096.0
3.7738230228424072	60574.0	52049.0
3.7738230228424072	60596.0	52111.0
3.7738230228424072	60614.0	52057.0
3.7738230228424072	60561.0	52056.0
3.7738230228424072	60569.0	52070.0
3.7738230228424072	60579.0	52098.0
3.7738230228424072	60601.0	52100.0
3.7738230228424072	60572.0	52095.0
3.7738230228424072	60579.0	52062.0
3.8190808296203613	60573.0	52069.0
3.8190808296203613	60585.0	52042.0
3.8190808296203613	60586.0	52030.0
3.8190808296203613	60606.0	52062.0
3.8190808296203613	60593.0	52073.0
3.8190808296203613	60563.0	52089.0
3.8190808296203613	60581.0	52070.0
3.8190808296203613	60599.0	52072.0
3.8190808296203613	60573.0	52074.0
3.8190808296203613	60568.0	52059.0
3.8190808296203613	60544.0	52078.0
3.8190808296203613	60586.0	52035.0
3.8190808296203613	60561.0	52078.0
3.8190808296203613	60604.0	52052.0
3.8190808296203613	60568.0	52039.0
3.8190808296203613	60560.0	52066.0
3.8190808296203613	60575.0	52033.0
3.8190808296203613	60582.0	52067.0
3.8190808296203613	60572.0	52056.0
3.8190808296203613	60562.0	52100.0
3.8480873107910156	60560.0	52079.0
3.8480873107910156	60596.0	52060.0
3.8480873107910156	60577.0	52079.0
3.8480873107910156	60573.0	52086.0
3.8480873107910156	60583.0	52108.0
3.8480873107910156	60589.0	52060.0
3.8480873107910156	60570.0	52111.0
3.8480873107910156	60578.0	52080.0
3.8480873107910156	60585.0	52076.0
3.8480873107910156	60582.0	52087.0
3.8480873107910156	60551.0	52096.0
3.8480873107910156	60555.0	52063.0
3.8480873107910156	60604.0	52075.0
3.8480873107910156	60586.0	52065.0
3.8480873107910156	60586.0	52052.0
3.8480873107910156	60579.0	52067.0
3.8480873107910156	60559.0	52072.0
3.8480873107910156	60575.0	52069.0
3.8480873107910156	60580.0	52072.0
3.8480873107910156	60537.0	52070.0
3.8490872383117676	60559.0	52075.0
3.8490872383117676	60579.0	52083.0
3.8490872383117676	60551.0	52087.0
3.8490872383117676	60617.0	52059.0
3.8490872383117676	60573.0	52104.0
3.8490872383117676	60578.0	52065.0
3.8490872383117676	60613.0	52081.0
3.8490872383117676	60599.0	52059.0
3.8490872383117676	60569.0	52059.0
3.8490872383117676	60585.0	52086.0
3.8490872383117676	60564.0	52060.0
3.8490872383117676	60591.0	52080.0
3.8490872383117676	60611.0	52080.0
3.8490872383117676	60602.0	52066.0
3.8490872383117676	60589.0	52074.0
3.8490872383117676	60580.0	52060.0
3.8490872383117676	60591.0	52065.0
3.8490872383117676	60553.0	52070.0
3.8490872383117676	60563.0	52075.0
3.8490872383117676	60579.0	52103.0
3.855088472366333	60595.0	52050.0
3.855088472366333	60561.0	52072.0
3.855088472366333	60579.0	52068.0
3.855088472366333	60574.0	52058.0
3.855088472366333	60566.0	52073.0
3.855088472366333	60570.0	52081.0
3.855088472366333	60575.0	52062.0
3.855088472366333	60551.0	52074.0
3.855088472366333	60576.0	52069.0
3.855088472366333	60561.0	52078.0
3.855088472366333	60574.0	52089.0
3.855088472366333	60588.0	52053.0
3.855088472366333	60593.0	52087.0
3.855088472366333	60589.0	52038.0
3.855088472366333	60572.0	52081.0
3.855088472366333	60562.0	52039.0
3.855088472366333	60568.0	52089.0
3.855088472366333	60584.0	52052.0
3.855088472366333	60578.0	52070.0
3.855088472366333	60576.0	52103.0
3.8749020099639893	60583.0	52069.0
3.8749020099639893	60574.0	52070.0
3.8749020099639893	60545.0	52091.0
3.8749020099639893	60590.0	52072.0
3.8749020099639893	60585.0	52068.0
3.8749020099639893	60567.0	52051.0
3.8749020099639893	60596.0	52064.0
3.8749020099639893	60563.0	52090.0
3.8749020099639893	60553.0	52075.0
3.8749020099639893	60570.0	52076.0
3.8749020099639893	60557.0	52051.0
3.8749020099639893	60592.0	52033.0
3.8749020099639893	60593.0	52048.0
3.8749020099639893	60614.0	52075.0
3.8749020099639893	60623.0	52080.0
3.8749020099639893	60566.0	52056.0
3.8749020099639893	60574.0	52071.0
3.8749020099639893	60548.0	52085.0
3.8749020099639893	60568.0	52068.0
3.8749020099639893	60547.0	52064.0
3.9112114906311035	60591.0	52061.0
3.9112114906311035	60582.0	52075.0
3.9112114906311035	60575.0	52077.0
3.9112114906311035	60573.0	52094.0
3.9112114906311035	60602.0	52084.0
3.9112114906311035	60585.0	52062.0
3.9112114906311035	60586.0	52065.0
3.9112114906311035	60563.0	52071.0
3.9112114906311035	60588.0	52070.0
3.9112114906311035	60576.0	52083.0
3.9112114906311035	60595.0	52079.0
3.9112114906311035	60583.0	52042.0
3.9112114906311035	60588.0	52074.0
3.9112114906311035	60616.0	52064.0
3.9112114906311035	60546.0	52060.0
3.9112114906311035	60579.0	52041.0
3.9112114906311035	60556.0	52085.0
3.9112114906311035	60587.0	52062.0
3.9112114906311035	60581.0	52091.0
3.9112114906311035	60581.0	52063.0
3.939218759536743	60570.0	52074.0
3.939218759536743	60583.0	52049.0
3.939218759536743	60588.0	52065.0
3.939218759536743	60588.0	52080.0
3.939218759536743	60581.0	52064.0
3.939218759536743	60564.0	52064.0
3.939218759536743	60576.0	52057.0
3.939218759536743	60570.0	52041.0
3.939218759536743	60595.0	52092.0
3.939218759536743	60589.0	52040.0
3.939218759536743	60571.0	52063.0
3.939218759536743	60573.0	52057.0
3.939218759536743	60590.0	52081.0
3.939218759536743	60572.0	52053.0
3.939218759536743	60579.0	52072.0
3.939218759536743	60591.0	52057.0
3.939218759536743	60584.0	52090.0
3.939218759536743	60563.0	52090.0
3.939218759536743	60577.0	52041.0
3.939218759536743	60587.0	52031.0
3.940218925476074	60598.0	52052.0
3.940218925476074	60566.0	52093.0
3.940218925476074	60568.0	52065.0
3.940218925476074	60589.0	52047.0
3.940218925476074	60568.0	52056.0
3.940218925476074	60563.0	52086.0
3.940218925476074	60593.0	52076.0
3.940218925476074	60572.0	52077.0
3.940218925476074	60603.0	52057.0
3.940218925476074	60560.0	52055.0
3.940218925476074	60596.0	52077.0
3.940218925476074	60566.0	52054.0
3.940218925476074	60594.0	52083.0
3.940218925476074	60606.0	52046.0
3.940218925476074	60603.0	52056.0
3.940218925476074	60574.0	52078.0
3.940218925476074	60564.0	52075.0
3.940218925476074	60570.0	52077.0
3.940218925476074	60586.0	52086.0
3.940218925476074	60591.0	52073.0
3.9553914070129395	60594.0	52062.0
3.9553914070129395	60602.0	52082.0
3.9553914070129395	60568.0	52071.0
3.9553914070129395	60574.0	52046.0
3.9553914070129395	60566.0	52064.0
3.9553914070129395	60573.0	52098.0
3.9553914070129395	60561.0	52072.0
3.9553914070129395	60580.0	52070.0
3.9553914070129395	60571.0	52065.0
3.9553914070129395	60567.0	52055.0
3.9553914070129395	60581.0	52055.0
3.9553914070129395	60562.0	52077.0
3.9553914070129395	60607.0	52084.0
3.9553914070129395	60604.0	52079.0
3.9553914070129395	60536.0	52064.0
3.9553914070129395	60588.0	52070.0
3.9553914070129395	60577.0	52074.0
3.9553914070129395	60559.0	52087.0
3.9553914070129395	60550.0	52079.0
3.9553914070129395	60605.0	52098.0
3.975449800491333	60581.0	52069.0
3.975449800491333	60556.0	52056.0
3.975449800491333	60582.0	52091.0
3.975449800491333	60608.0	52064.0
3.975449800491333	60578.0	52079.0
3.975449800491333	60561.0	52072.0
3.975449800491333	60596.0	52080.0
3.975449800491333	60571.0	52105.0
3.975449800491333	60543.0	52064.0
3.975449800491333	60559.0	52049.0
3.975449800491333	60548.0	52066.0
3.975449800491333	60600.0	52046.0
3.975449800491333	60590.0	52096.0
3.975449800491333	60612.0	52025.0
3.975449800491333	60549.0	52044.0
3.975449800491333	60554.0	52088.0
3.975449800491333	60594.0	52074.0
3.975449800491333	60573.0	52054.0
3.975449800491333	60578.0	52071.0
3.975449800491333	60558.0	52031.0
4.018460273742676	60597.0	52061.0
4.018460273742676	60604.0	52033.0
4.018460273742676	60590.0	52078.0
4.018460273742676	60573.0	52064.0
4.018460273742676	60562.0	52074.0
4.018460273742676	60569.0	52069.0
4.018460273742676	60570.0	52060.0
4.018460273742676	60548.0	52064.0
4.018460273742676	60583.0	52073.0
4.018460273742676	60559.0	52044.0
4.018460273742676	60561.0	52064.0
4.018460273742676	60551.0	52067.0
4.018460273742676	60612.0	52053.0
4.018460273742676	60620.0	52078.0
4.018460273742676	60559.0	52074.0
4.018460273742676	60566.0	52055.0
4.018460273742676	60569.0	52043.0
4.018460273742676	60582.0	52079.0
4.018460273742676	60574.0	52074.0
4.018460273742676	60577.0	52052.0
4.036464691162109	60595.0	52055.0
4.036464691162109	60571.0	52075.0
4.036464691162109	60575.0	52044.0
4.036464691162109	60554.0	52078.0
4.036464691162109	60629.0	52056.0
4.036464691162109	60579.0	52089.0
4.036464691162109	60557.0	52090.0
4.036464691162109	60576.0	52066.0
4.036464691162109	60579.0	52068.0
4.036464691162109	60555.0	52045.0
4.036464691162109	60564.0	52090.0
4.036464691162109	60584.0	52057.0
4.036464691162109	60597.0	52074.0
4.036464691162109	60595.0	52074.0
4.036464691162109	60586.0	52070.0
4.036464691162109	60585.0	52078.0
4.036464691162109	60596.0	52068.0
4.036464691162109	60583.0	52066.0
4.036464691162109	60559.0	52067.0
4.036464691162109	60569.0	52047.0
4.036464691162109	60576.0	52047.0
4.036464691162109	60576.0	52054.0
4.036464691162109	60574.0	52053.0
4.036464691162109	60571.0	52082.0
4.036464691162109	60588.0	52065.0
4.036464691162109	60578.0	52080.0
4.036464691162109	60586.0	52056.0
4.036464691162109	60579.0	52054.0
4.036464691162109	60600.0	52065.0
4.036464691162109	60549.0	52083.0
4.036464691162109	60573.0	52040.0
4.036464691162109	60553.0	52066.0
4.036464691162109	60619.0	52074.0
4.036464691162109	60610.0	52075.0
4.036464691162109	60564.0	52073.0
4.036464691162109	60572.0	52067.0
4.036464691162109	60562.0	52052.0
4.036464691162109	60577.0	52049.0
4.036464691162109	60564.0	52075.0
4.036464691162109	60595.0	52059.0
4.0563836097717285	60562.0	52077.0
4.0563836097717285	60588.0	52062.0
4.0563836097717285	60582.0	52058.0
4.0563836097717285	60564.0	52073.0
4.0563836097717285	60570.0	52078.0
4.0563836097717285	60572.0	52086.0
4.0563836097717285	60574.0	52061.0
4.0563836097717285	60577.0	52065.0
4.0563836097717285	60574.0	52078.0
4.0563836097717285	60573.0	52060.0
4.0563836097717285	60597.0	52058.0
4.0563836097717285	60560.0	52066.0
4.0563836097717285	60592.0	52057.0
4.0563836097717285	60597.0	52049.0
4.0563836097717285	60576.0	52064.0
4.0563836097717285	60568.0	52070.0
4.0563836097717285	60552.0	52085.0
4.0563836097717285	60582.0	52083.0
4.0563836097717285	60583.0	52083.0
4.0563836097717285	60539.0	52053.0
4.10244607925415	60599.0	52061.0
4.10244607925415	60580.0	52062.0
4.10244607925415	60585.0	52062.0
4.10244607925415	60574.0	52037.0
4.10244607925415	60551.0	52056.0
4.10244607925415	60576.0	52037.0
4.10244607925415	60556.0	52097.0
4.10244607925415	60595.0	52079.0
4.10244607925415	60599.0	52089.0
4.10244607925415	60567.0	52078.0
4.10244607925415	60572.0	52056.0
4.10244607925415	60557.0	52041.0
4.10244607925415	60594.0	52076.0
4.10244607925415	60598.0	52049.0
4.10244607925415	60573.0	52080.0
4.10244607925415	60554.0	52066.0
4.10244607925415	60562.0	52108.0
4.10244607925415	60563.0	52067.0
4.10244607925415	60562.0	52027.0
4.10244607925415	60561.0	52046.0
4.1314537525177	60557.0	52066.0
4.1314537525177	60579.0	52080.0
4.1314537525177	60601.0	52063.0
4.1314537525177	60573.0	52046.0
4.1314537525177	60570.0	52057.0
4.1314537525177	60538.0	52063.0
4.1314537525177	60580.0	52080.0
4.1314537525177	60582.0	52067.0
4.1314537525177	60557.0	52066.0
4.1314537525177	60556.0	52070.0
4.1314537525177	60555.0	52055.0
4.1314537525177	60570.0	52059.0
4.1314537525177	60594.0	52072.0
4.1314537525177	60595.0	52072.0
4.1314537525177	60572.0	52021.0
4.1314537525177	60585.0	52043.0
4.1314537525177	60565.0	52048.0
4.1314537525177	60575.0	52061.0
4.1314537525177	60566.0	52062.0
4.1314537525177	60557.0	52067.0
4.132453680038452	60575.0	52069.0
4.132453680038452	60568.0	52073.0
4.132453680038452	60559.0	52052.0
4.132453680038452	60583.0	52086.0
4.132453680038452	60570.0	52084.0
4.132453680038452	60532.0	52092.0
4.132453680038452	60559.0	52055.0
4.132453680038452	60625.0	52050.0
4.132453680038452	60584.0	52069.0
4.132453680038452	60585.0	52051.0
4.132453680038452	60558.0	52055.0
4.132453680038452	60575.0	52032.0
4.132453680038452	60610.0	52085.0
4.132453680038452	60598.0	52079.0
4.132453680038452	60605.0	52078.0
4.132453680038452	60597.0	52061.0
4.132453680038452	60562.0	52080.0
4.132453680038452	60586.0	52073.0
4.132453680038452	60567.0	52058.0
4.132453680038452	60579.0	52063.0
4.136453628540039	60577.0	52066.0
4.136453628540039	60550.0	52052.0
4.136453628540039	60556.0	52062.0
4.136453628540039	60573.0	52080.0
4.136453628540039	60590.0	52087.0
4.136453628540039	60588.0	52068.0
4.136453628540039	60568.0	52071.0
4.136453628540039	60558.0	52049.0
4.136453628540039	60553.0	52054.0
4.136453628540039	60602.0	52058.0
4.136453628540039	60576.0	52074.0
4.136453628540039	60543.0	52084.0
4.136453628540039	60591.0	52076.0
4.136453628540039	60565.0	52061.0
4.136453628540039	60564.0	52033.0
4.136453628540039	60567.0	52074.0
4.136453628540039	60572.0	52058.0
4.136453628540039	60563.0	52082.0
4.136453628540039	60588.0	52076.0
4.136453628540039	60582.0	52055.0
4.156458854675293	60586.0	52066.0
4.156458854675293	60573.0	52064.0
4.156458854675293	60561.0	52082.0
4.156458854675293	60584.0	52046.0
4.156458854675293	60560.0	52088.0
4.156458854675293	60531.0	52056.0
4.156458854675293	60609.0	52070.0
4.156458854675293	60592.0	52100.0
4.156458854675293	60582.0	52042.0
4.156458854675293	60560.0	52049.0
4.156458854675293	60570.0	52069.0
4.156458854675293	60599.0	52078.0
4.156458854675293	60576.0	52082.0
4.156458854675293	60590.0	52056.0
4.156458854675293	60571.0	52063.0
4.156458854675293	60566.0	52072.0
4.156458854675293	60578.0	52067.0
4.156458854675293	60568.0	52061.0
4.156458854675293	60554.0	52072.0
4.156458854675293	60591.0	52080.0
4.197462797164917	60586.0	52070.0
4.197462797164917	60568.0	52046.0
4.197462797164917	60563.0	52065.0
4.197462797164917	60572.0	52065.0
4.197462797164917	60591.0	52053.0
4.197462797164917	60597.0	52040.0
4.197462797164917	60557.0	52058.0
4.197462797164917	60568.0	52070.0
4.197462797164917	60590.0	52071.0
4.197462797164917	60593.0	52062.0
4.197462797164917	60570.0	52063.0
4.197462797164917	60565.0	52065.0
4.197462797164917	60593.0	52059.0
4.197462797164917	60612.0	52059.0
4.197462797164917	60577.0	52080.0
4.197462797164917	60567.0	52089.0
4.197462797164917	60573.0	52067.0
4.197462797164917	60574.0	52079.0
4.197462797164917	60577.0	52065.0
4.197462797164917	60583.0	52055.0
4.226688623428345	60576.0	52074.0
4.226688623428345	60578.0	52053.0
4.226688623428345	60575.0	52066.0
4.226688623428345	60592.0	52064.0
4.226688623428345	60580.0	52051.0
4.226688623428345	60552.0	52061.0
4.226688623428345	60554.0	52059.0
4.226688623428345	60579.0	52059.0
4.226688623428345	60597.0	52096.0
4.226688623428345	60571.0	52076.0
4.226688623428345	60568.0	52049.0
4.226688623428345	60560.0	52040.0
4.226688623428345	60617.0	52110.0
4.226688623428345	60610.0	52066.0
4.226688623428345	60563.0	52062.0
4.226688623428345	60585.0	52065.0
4.226688623428345	60576.0	52034.0
4.226688623428345	60555.0	52054.0
4.226688623428345	60578.0	52051.0
4.226688623428345	60577.0	52058.0
4.227689266204834	60570.0	52049.0
4.227689266204834	60574.0	52094.0
4.227689266204834	60567.0	52075.0
4.227689266204834	60553.0	52100.0
4.227689266204834	60596.0	52099.0
4.227689266204834	60579.0	52074.0
4.227689266204834	60588.0	52063.0
4.227689266204834	60575.0	52036.0
4.227689266204834	60570.0	52069.0
4.227689266204834	60569.0	52058.0
4.227689266204834	60576.0	52090.0
4.227689266204834	60568.0	52068.0
4.227689266204834	60610.0	52084.0
4.227689266204834	60578.0	52084.0
4.227689266204834	60578.0	52066.0
4.227689266204834	60574.0	52071.0
4.227689266204834	60577.0	52074.0
4.227689266204834	60581.0	52063.0
4.227689266204834	60564.0	52081.0
4.227689266204834	60577.0	52043.0
4.236692428588867	60582.0	52033.0
4.236692428588867	60574.0	52071.0
4.236692428588867	60570.0	52073.0
4.236692428588867	60573.0	52055.0
4.236692428588867	60585.0	52061.0
4.236692428588867	60578.0	52090.0
4.236692428588867	60563.0	52072.0
4.236692428588867	60575.0	52100.0
4.236692428588867	60555.0	52069.0
4.236692428588867	60553.0	52075.0
4.236692428588867	60582.0	52061.0
4.236692428588867	60573.0	52054.0
4.236692428588867	60620.0	52051.0
4.236692428588867	60609.0	52066.0
4.236692428588867	60577.0	52057.0
4.236692428588867	60572.0	52043.0
4.236692428588867	60578.0	52072.0
4.236692428588867	60562.0	52036.0
4.236692428588867	60572.0	52080.0
4.236692428588867	60569.0	52076.0
4.257076978683472	60572.0	52073.0
4.257076978683472	60586.0	52081.0
4.257076978683472	60554.0	52032.0
4.257076978683472	60577.0	52069.0
4.257076978683472	60571.0	52064.0
4.257076978683472	60594.0	52078.0
4.257076978683472	60566.0	52070.0
4.257076978683472	60559.0	52049.0
4.257076978683472	60592.0	52048.0
4.257076978683472	60587.0	52051.0
4.257076978683472	60565.0	52049.0
4.257076978683472	60568.0	52040.0
4.257076978683472	60596.0	52078.0
4.257076978683472	60597.0	52049.0
4.257076978683472	60581.0	52053.0
4.257076978683472	60579.0	52075.0
4.257076978683472	60609.0	52086.0
4.257076978683472	60570.0	52081.0
4.257076978683472	60589.0	52068.0
4.257076978683472	60550.0	52065.0
4.291093111038208	60582.0	52038.0
4.291093111038208	60600.0	52071.0
4.291093111038208	60578.0	52048.0
4.291093111038208	60560.0	52046.0
4.291093111038208	60566.0	52037.0
4.291093111038208	60568.0	52048.0
4.291093111038208	60593.0	52073.0
4.291093111038208	60583.0	52053.0
4.291093111038208	60580.0	52066.0
4.291093111038208	60556.0	52049.0
4.291093111038208	60589.0	52061.0
4.291093111038208	60570.0	52052.0
4.291093111038208	60597.0	52082.0
4.291093111038208	60572.0	52053.0
4.291093111038208	60562.0	52050.0
4.291093111038208	60583.0	52052.0
4.291093111038208	60572.0	52069.0
4.291093111038208	60565.0	52072.0
4.291093111038208	60601.0	52076.0
4.291093111038208	60584.0	52053.0
4.3201000690460205	60560.0	52066.0
4.3201000690460205	60582.0	52078.0
4.3201000690460205	60569.0	52075.0
4.3201000690460205	60596.0	52057.0
4.3201000690460205	60592.0	52051.0
4.3201000690460205	60602.0	52093.0
4.3201000690460205	60570.0	52068.0
4.3201000690460205	60566.0	52049.0
4.3201000690460205	60541.0	52066.0
4.3201000690460205	60580.0	52065.0
4.3201000690460205	60568.0	52061.0
4.3201000690460205	60589.0	52055.0
4.3201000690460205	60615.0	52081.0
4.3201000690460205	60581.0	52064.0
4.3201000690460205	60613.0	52065.0
4.3201000690460205	60537.0	52057.0
4.3201000690460205	60583.0	52080.0
4.3201000690460205	60558.0	52072.0
4.3201000690460205	60570.0	52089.0
4.3201000690460205	60566.0	52062.0
4.32110071182251	60573.0	52078.0
4.32110071182251	60588.0	52047.0
4.32110071182251	60581.0	52075.0
4.32110071182251	60583.0	52108.0
4.32110071182251	60565.0	52078.0
4.32110071182251	60578.0	52087.0
4.32110071182251	60579.0	52103.0
4.32110071182251	60553.0	52057.0
4.32110071182251	60565.0	52047.0
4.32110071182251	60585.0	52047.0
4.32110071182251	60574.0	52088.0
4.32110071182251	60562.0	52064.0
4.32110071182251	60580.0	52055.0
4.32110071182251	60595.0	52045.0
4.32110071182251	60595.0	52112.0
4.32110071182251	60584.0	52066.0
4.32110071182251	60558.0	52100.0
4.32110071182251	60580.0	52083.0
4.32110071182251	60603.0	52065.0
4.32110071182251	60605.0	52065.0
4.3378636837005615	60566.0	52056.0
4.3378636837005615	60559.0	52073.0
4.3378636837005615	60566.0	52065.0
4.3378636837005615	60577.0	52074.0
4.3378636837005615	60572.0	52026.0
4.3378636837005615	60588.0	52037.0
4.3378636837005615	60571.0	52071.0
4.3378636837005615	60580.0	52073.0
4.3378636837005615	60572.0	52061.0
4.3378636837005615	60588.0	52048.0
4.3378636837005615	60606.0	52047.0
4.3378636837005615	60600.0	52053.0
4.3378636837005615	60586.0	52077.0
4.3378636837005615	60610.0	52080.0
4.3378636837005615	60564.0	52056.0
4.3378636837005615	60586.0	52091.0
4.3378636837005615	60567.0	52078.0
4.3378636837005615	60564.0	52058.0
4.3378636837005615	60573.0	52100.0
4.3378636837005615	60572.0	52040.0
4.370876789093018	60577.0	52073.0
4.370876789093018	60566.0	52076.0
4.370876789093018	60568.0	52044.0
4.370876789093018	60599.0	52090.0
4.370876789093018	60584.0	52065.0
4.370876789093018	60578.0	52055.0
4.370876789093018	60553.0	52064.0
4.370876789093018	60580.0	52056.0
4.370876789093018	60577.0	52026.0
4.370876789093018	60579.0	52051.0
4.370876789093018	60590.0	52065.0
4.370876789093018	60559.0	52077.0
4.370876789093018	60582.0	52051.0
4.370876789093018	60617.0	52051.0
4.370876789093018	60583.0	52066.0
4.370876789093018	60587.0	52079.0
4.370876789093018	60580.0	52074.0
4.370876789093018	60552.0	52071.0
4.370876789093018	60567.0	52056.0
4.370876789093018	60599.0	52050.0
4.398883819580078	60575.0	52093.0
4.398883819580078	60554.0	52054.0
4.398883819580078	60556.0	52074.0
4.398883819580078	60600.0	52095.0
4.398883819580078	60599.0	52077.0
4.398883819580078	60594.0	52085.0
4.398883819580078	60565.0	52063.0
4.398883819580078	60569.0	52070.0
4.398883819580078	60570.0	52077.0
4.398883819580078	60585.0	52076.0
4.398883819580078	60570.0	52078.0
4.398883819580078	60580.0	52041.0
4.398883819580078	60598.0	52064.0
4.398883819580078	60590.0	52063.0
4.398883819580078	60586.0	52090.0
4.398883819580078	60585.0	52061.0
4.398883819580078	60568.0	52100.0
4.398883819580078	60570.0	52080.0
4.398883819580078	60546.0	52051.0
4.398883819580078	60580.0	52063.0
4.4148876667022705	60607.0	52083.0
4.4148876667022705	60556.0	52074.0
4.4148876667022705	60588.0	52045.0
4.4148876667022705	60559.0	52071.0
4.4148876667022705	60584.0	52081.0
4.4148876667022705	60571.0	52070.0
4.4148876667022705	60582.0	52052.0
4.4148876667022705	60562.0	52078.0
4.4148876667022705	60580.0	52060.0
4.4148876667022705	60585.0	52093.0
4.4148876667022705	60584.0	52067.0
4.4148876667022705	60555.0	52009.0
4.4148876667022705	60602.0	52090.0
4.4148876667022705	60614.0	52059.0
4.4148876667022705	60588.0	52033.0
4.4148876667022705	60568.0	52074.0
4.4148876667022705	60593.0	52068.0
4.4148876667022705	60578.0	52085.0
4.4148876667022705	60561.0	52052.0
4.4148876667022705	60572.0	52056.0
4.4178924560546875	60563.0	52104.0
4.4178924560546875	60576.0	52068.0
4.4178924560546875	60575.0	52059.0
4.4178924560546875	60582.0	52056.0
4.4178924560546875	60598.0	52098.0
4.4178924560546875	60578.0	52058.0
4.4178924560546875	60574.0	52078.0
4.4178924560546875	60588.0	52069.0
4.4178924560546875	60557.0	52057.0
4.4178924560546875	60601.0	52074.0
4.4178924560546875	60608.0	52073.0
4.4178924560546875	60558.0	52090.0
4.4178924560546875	60585.0	52049.0
4.4178924560546875	60588.0	52084.0
4.4178924560546875	60572.0	52045.0
4.4178924560546875	60541.0	52055.0
4.4178924560546875	60583.0	52072.0
4.4178924560546875	60587.0	52088.0
4.4178924560546875	60566.0	52076.0
4.4178924560546875	60608.0	52060.0
4.437898635864258	60572.0	52062.0
4.437898635864258	60582.0	52048.0
4.437898635864258	60553.0	52033.0
4.437898635864258	60592.0	52071.0
4.437898635864258	60581.0	52070.0
4.437898635864258	60604.0	52074.0
4.437898635864258	60571.0	52072.0
4.437898635864258	60573.0	52064.0
4.437898635864258	60565.0	52079.0
4.437898635864258	60562.0	52088.0
4.437898635864258	60580.0	52045.0
4.437898635864258	60612.0	52068.0
4.437898635864258	60577.0	52098.0
4.437898635864258	60573.0	52081.0
4.437898635864258	60574.0	52069.0
4.437898635864258	60550.0	52077.0
4.437898635864258	60572.0	52051.0
4.437898635864258	60573.0	52070.0
4.437898635864258	60589.0	52045.0
4.437898635864258	60594.0	52079.0
4.466909170150757	60586.0	52083.0
4.466909170150757	60580.0	52062.0
4.466909170150757	60587.0	52072.0
4.466909170150757	60588.0	52058.0
4.466909170150757	60585.0	52094.0
4.466909170150757	60593.0	52076.0
4.466909170150757	60566.0	52072.0
4.466909170150757	60602.0	52041.0
4.466909170150757	60583.0	52070.0
4.466909170150757	60578.0	52072.0
4.466909170150757	60579.0	52056.0
4.466909170150757	60567.0	52068.0
4.466909170150757	60598.0	52069.0
4.466909170150757	60616.0	52088.0
4.466909170150757	60590.0	52067.0
4.466909170150757	60587.0	52075.0
4.466909170150757	60579.0	52056.0
4.466909170150757	60567.0	52083.0
4.466909170150757	60569.0	52102.0
4.466909170150757	60576.0	52096.0
4.508917331695557	60591.0	52079.0
4.508917331695557	60574.0	52073.0
4.508917331695557	60562.0	52066.0
4.508917331695557	60598.0	52065.0
4.508917331695557	60576.0	52063.0
4.508917331695557	60585.0	52059.0
4.508917331695557	60536.0	52065.0
4.508917331695557	60569.0	52053.0
4.508917331695557	60578.0	52075.0
4.508917331695557	60576.0	52083.0
4.508917331695557	60565.0	52074.0
4.508917331695557	60568.0	52061.0
4.508917331695557	60578.0	52043.0
4.508917331695557	60594.0	52082.0
4.508917331695557	60598.0	52064.0
4.508917331695557	60584.0	52072.0
4.508917331695557	60586.0	52081.0
4.508917331695557	60597.0	52049.0
4.508917331695557	60612.0	52072.0
4.508917331695557	60581.0	52048.0
4.509918689727783	60577.0	52061.0
4.509918689727783	60561.0	52081.0
4.509918689727783	60552.0	52063.0
4.509918689727783	60563.0	52106.0
4.509918689727783	60573.0	52068.0
4.509918689727783	60581.0	52085.0
4.509918689727783	60564.0	52068.0
4.509918689727783	60577.0	52064.0
4.509918689727783	60567.0	52072.0
4.509918689727783	60568.0	52076.0
4.509918689727783	60563.0	52056.0
4.509918689727783	60571.0	52069.0
4.509918689727783	60577.0	52076.0
4.509918689727783	60573.0	52058.0
4.509918689727783	60582.0	52090.0
4.509918689727783	60593.0	52072.0
4.509918689727783	60595.0	52074.0
4.509918689727783	60549.0	52059.0
4.509918689727783	60592.0	52052.0
4.509918689727783	60561.0	52070.0
4.518920660018921	60573.0	52079.0
4.518920660018921	60606.0	52067.0
4.518920660018921	60585.0	52085.0
4.518920660018921	60604.0	52067.0
4.518920660018921	60604.0	52060.0
4.518920660018921	60582.0	52077.0
4.518920660018921	60583.0	52089.0
4.518920660018921	60581.0	52081.0
4.518920660018921	60611.0	52045.0
4.518920660018921	60574.0	52071.0
4.518920660018921	60555.0	52062.0
4.518920660018921	60594.0	52043.0
4.518920660018921	60576.0	52077.0
4.518920660018921	60603.0	52111.0
4.518920660018921	60598.0	52064.0
4.518920660018921	60608.0	52050.0
4.518920660018921	60565.0	52052.0
4.518920660018921	60577.0	52053.0
4.518920660018921	60595.0	52053.0
4.518920660018921	60581.0	52056.0
4.539083242416382	60573.0	52058.0
4.539083242416382	60570.0	52076.0
4.539083242416382	60585.0	52041.0
4.539083242416382	60564.0	52055.0
4.539083242416382	60598.0	52036.0
4.539083242416382	60559.0	52068.0
4.539083242416382	60543.0	52077.0
4.539083242416382	60586.0	52062.0
4.539083242416382	60560.0	52033.0
4.539083242416382	60578.0	52077.0
4.539083242416382	60570.0	52081.0
4.539083242416382	60570.0	52071.0
4.539083242416382	60608.0	52087.0
4.539083242416382	60595.0	52077.0
4.539083242416382	60560.0	52067.0
4.539083242416382	60576.0	52089.0
4.539083242416382	60584.0	52069.0
4.539083242416382	60581.0	52055.0
4.539083242416382	60566.0	52056.0
4.539083242416382	60576.0	52078.0
4.574094772338867	60569.0	52093.0
4.574094772338867	60590.0	52093.0
4.574094772338867	60572.0	52084.0
4.574094772338867	60575.0	52088.0
4.574094772338867	60594.0	52060.0
4.574094772338867	60557.0	52072.0
4.574094772338867	60561.0	52075.0
4.574094772338867	60562.0	52080.0
4.574094772338867	60573.0	52073.0
4.574094772338867	60577.0	52104.0
4.574094772338867	60589.0	52052.0
4.574094772338867	60561.0	52049.0
4.574094772338867	60608.0	52076.0
4.574094772338867	60597.0	52093.0
4.574094772338867	60584.0	52076.0
4.574094772338867	60547.0	52083.0
4.574094772338867	60581.0	52089.0
4.574094772338867	60599.0	52065.0
4.574094772338867	60600.0	52084.0
4.574094772338867	60568.0	52062.0
4.60310173034668	60537.0	52066.0
4.60310173034668	60571.0	52063.0
4.60310173034668	60587.0	52068.0
4.60310173034668	60588.0	52076.0
4.60310173034668	60548.0	52068.0
4.60310173034668	60567.0	52075.0
4.60310173034668	60579.0	52072.0
4.60310173034668	60565.0	52063.0
4.60310173034668	60565.0	52043.0
4.60310173034668	60581.0	52065.0
4.60310173034668	60578.0	52077.0
4.60310173034668	60568.0	52050.0
4.60310173034668	60619.0	52063.0
4.60310173034668	60589.0	52077.0
4.60310173034668	60581.0	52088.0
4.60310173034668	60555.0	52072.0
4.60310173034668	60580.0	52075.0
4.60310173034668	60580.0	52076.0
4.60310173034668	60570.0	52061.0
4.60310173034668	60583.0	52097.0
4.604101657867432	60603.0	52074.0
4.604101657867432	60543.0	52072.0
4.604101657867432	60567.0	52063.0
4.604101657867432	60563.0	52055.0
4.604101657867432	60596.0	52060.0
4.604101657867432	60579.0	52085.0
4.604101657867432	60593.0	52065.0
4.604101657867432	60573.0	52054.0
4.604101657867432	60580.0	52071.0
4.604101657867432	60551.0	52074.0
4.604101657867432	60554.0	52064.0
4.604101657867432	60577.0	52022.0
4.604101657867432	60613.0	52084.0
4.604101657867432	60578.0	52075.0
4.604101657867432	60584.0	52071.0
4.604101657867432	60581.0	52075.0
4.604101657867432	60593.0	52066.0
4.604101657867432	60575.0	52051.0
4.604101657867432	60603.0	52050.0
4.604101657867432	60573.0	52073.0
4.6194140911102295	60559.0	52088.0
4.6194140911102295	60568.0	52087.0
4.6194140911102295	60562.0	52067.0
4.6194140911102295	60578.0	52073.0
4.6194140911102295	60600.0	52058.0
4.6194140911102295	60568.0	52059.0
4.6194140911102295	60592.0	52059.0
4.6194140911102295	60560.0	52087.0
4.6194140911102295	60562.0	52077.0
4.6194140911102295	60571.0	52071.0
4.6194140911102295	60591.0	52077.0
4.6194140911102295	60584.0	52057.0
4.6194140911102295	60614.0	52086.0
4.6194140911102295	60602.0	52068.0
4.6194140911102295	60584.0	52085.0
4.6194140911102295	60567.0	52057.0
4.6194140911102295	60568.0	52072.0
4.6194140911102295	60608.0	52081.0
4.6194140911102295	60607.0	52077.0
4.6194140911102295	60594.0	52066.0
4.639326572418213	60571.0	52044.0
4.639326572418213	60585.0	52077.0
4.639326572418213	60575.0	52096.0
4.639326572418213	60602.0	52083.0
4.639326572418213	60573.0	52053.0
4.639326572418213	60582.0	52086.0
4.639326572418213	60573.0	52068.0
4.639326572418213	60592.0	52113.0
4.639326572418213	60594.0	52070.0
4.639326572418213	60609.0	52079.0
4.639326572418213	60581.0	52073.0
4.639326572418213	60600.0	52067.0
4.639326572418213	60619.0	52044.0
4.639326572418213	60611.0	52100.0
4.639326572418213	60570.0	52049.0
4.639326572418213	60579.0	52065.0
4.639326572418213	60610.0	52043.0
4.639326572418213	60539.0	52096.0
4.639326572418213	60571.0	52046.0
4.639326572418213	60590.0	52062.0
4.682337045669556	60562.0	52035.0
4.682337045669556	60575.0	52067.0
4.682337045669556	60595.0	52089.0
4.682337045669556	60605.0	52047.0
4.682337045669556	60535.0	52043.0
4.682337045669556	60584.0	52062.0
4.682337045669556	60577.0	52064.0
4.682337045669556	60589.0	52077.0
4.682337045669556	60599.0	52061.0
4.682337045669556	60582.0	52080.0
4.682337045669556	60571.0	52101.0
4.682337045669556	60579.0	52063.0
4.682337045669556	60594.0	52058.0
4.682337045669556	60625.0	52065.0
4.682337045669556	60567.0	52060.0
4.682337045669556	60569.0	52043.0
