33705 2694 2939
34572 2686 3006
35398 2679 3069
36169 2670 3126
36898 2661 3177
37595 2650 3225
38261 2642 3271
38907 2632 3315
39531 2626 3359
40128 2625 3409
40706 2628 3462
41274 2632 3516
41827 2633 3564
42361 2629 3604
42879 2628 3647
43387 2631 3695
43892 2639 3750
44394 2651 3809
44888 2664 3870
45366 2678 3932
45829 2692 3993
46280 2709 4057
46717 2729 4127
47147 2753 4201
47581 2782 4284
47995 2815 4373
48396 2852 4467
48766 2890 4562
49106 2933 4662
49432 2981 4770
49739 3037 4890
50023 3103 5024
50274 3180 5175
50490 3271 5346
50655 3377 5537
50780 3496 5746
50887 3630 5978
50981 3784 6243
51060 3960 6544
51117 4163 6887
51145 4394 7274
51141 4656 7707
51113 4952 8192
51066 5284 8733
50999 5653 9330
50908 6063 9991
50800 6513 10709
50687 7002 11486
50564 7528 12319
50417 8089 13199
50256 8682 14121
50089 9302 15080
49915 9945 16066
49726 10607 17070
49532 11283 18088
49342 11967 19111
49155 12653 20131
48968 13341 21144
48767 14027 22139
48541 14707 23105
48305 15381 24047
48085 16047 24974
47869 16703 25878
47644 17351 26755
47414 17990 27607
47182 18620 28433
46948 19240 29235
46707 19852 30010
46461 20455 30758
46204 21048 31475
45937 21631 32159
45668 22202 32816
45397 22764 33446
45126 23316 34053
44861 23858 34641
44605 24388 35208
44352 24906 35751
44089 25412 36262
43810 25908 36735
43523 26391 37175
43236 26860 37586
42949 27319 37974
42667 27768 38346
42392 28211 38706
42125 28647 39057
41866 29071 39391
41605 29486 39705
41338 29894 39995
41066 30297 40268
40797 30695 40530
40536 31088 40785
40279 31473 41029
40027 31853 41265
39776 32231 41492
39525 32606 41710
39271 32976 41913
39021 33344 42111
38781 33711 42312
38548 34077 42514
38313 34442 42708
38076 34803 42888
37833 35159 43051
37589 35510 43201
37349 35858 43346
37118 36203 43491
36903 36544 43646
36705 36882 43814
36517 37217 43985
36333 37546 44151
36154 37867 44309
35985 38182 44469
35824 38494 44631
35665 38803 44790
35506 39110 44943
35350 39415 45095
35203 39716 45250
35064 40012 45407
34929 40300 45558
34803 40580 45710
34690 40856 45871
34591 41128 46044
34496 41393 46213
34396 41652 46368
34294 41906 46512
34202 42151 46658
34121 42386 46808
34049 42618 46965
33988 42845 47130
33941 43063 47305
33909 43275 47493
33894 43479 47696
33890 43675 47904
33890 43862 48111
33887 44043 48305
33879 44218 48485
33867 44383 48649
33848 44540 48793
33817 44686 48908
33780 44824 49006
33743 44955 49095
33704 45078 49173
33658 45193 49230
33607 45297 49270
33556 45393 49299
33506 45485 49325
33452 45569 49337
33398 45642 49335
33347 45704 49328
33300 45755 49312
33247 45799 49282
33187 45839 49236
33120 45874 49173
33045 45906 49097
32971 45936 49019
32898 45962 48938
32830 45985 48861
32769 46002 48788
32708 46014 48711
32644 46021 48623
32569 46024 48515
32478 46024 48378
32374 46017 48216
32273 46006 48054
32181 45992 47903
32097 45975 47759
32015 45954 47615
31930 45931 47465
31840 45907 47307
31746 45880 47141
31650 45852 46969
31548 45822 46786
31439 45785 46587
31322 45742 46371
31201 45696 46146
31076 45650 45914
30948 45602 45677
30815 45556 45435
30680 45511 45190
30540 45463 44938
30395 45417 44678
30250 45370 44418
30110 45323 44168
29981 45277 43934
29856 45231 43707
29728 45184 43474
29594 45137 43233
29458 45089 42988
29317 45040 42736
29176 44990 42483
29037 44940 42233
28893 44885 41973
28744 44830 41705
28590 44775 41430
28428 44720 41146
28264 44667 40860
28097 44615 40572
27934 44565 40291
27776 44516 40019
27620 44465 39748
27465 44414 39480
27312 44366 39218
27165 44320 38966
27030 44271 38730
26904 44220 38504
26781 44168 38284
26655 44117 38059
26521 44064 37822
26378 44012 37574
26227 43959 37314
26068 43901 37038
25910 43841 36764
25762 43780 36503
25623 43718 36255
25491 43652 36013
25359 43583 35771
25222 43512 35520
25070 43438 35245
24902 43362 34948
24725 43285 34638
24540 43207 34317
24348 43127 33986
24145 43044 33637
23930 42957 33271
23706 42868 32891
23469 42774 32491
23211 42677 32060
22928 42577 31595
22623 42474 31100
22305 42370 30587
21972 42267 30056
21621 42158 29500
21249 42044 28915
20854 41926 28298
20433 41807 27648
19987 41684 26964
19523 41562 26261
19052 41442 25554
18578 41322 24846
18093 41204 24128
17596 41086 23398
17097 40966 22669
16619 40847 21970
16177 40728 21325
15767 40607 20722
15367 40485 20135
14947 40361 19525
14483 40236 18861
13977 40110 18144
13437 39985 17390
12881 39859 16617
12322 39733 15846
11775 39604 15094
11255 39472 14378
10771 39336 13713
10318 39199 13091
9881 39062 12492
9438 38924 11890
8977 38787 11269
8491 38643 10620
7993 38490 9958
7493 38329 9295
6999 38161 8644
6512 37990 8007
6046 37818 7400
5621 37640 6847
5261 37457 6378
4981 37267 6008
4791 37069 5748
4683 36866 5587
4652 36652 5518
4700 36431 5541
4834 36204 5664
5057 35971 5887
5372 35734 6213
5781 35493 6640
6273 35245 7156
6827 34991 7731
7412 34732 8332
7995 34468 8919
8553 34201 9467
9066 33927 9955
9533 33648 10381
9961 33364 10756
10351 33077 11081
10706 32786 11360
11023 32491 11592
11306 32193 11780
11559 31892 11931
11791 31584 12054
12013 31271 12158
12234 30954 12256
12454 30633 12348
12678 30308 12436
12911 29978 12527
13155 29641 12620
13407 29300 12714
13666 28954 12806
13930 28605 12896
14193 28255 12979
14448 27904 13048
14693 27551 13102
14930 27197 13142
15160 26842 13170
15391 26488 13194
15625 26137 13217
15857 25785 13233
16087 25436 13243
16316 25090 13249
16536 24750 13246
16745 24415 13232
16946 24083 13209
17139 23752 13175
17326 23428 13137
17514 23110 13100
17697 22798 13058
17870 22495 13010
18033 22199 12956
18186 21911 12897
18324 21632 12829
18444 21362 12752
18541 21102 12663
18617 20852 12564
18674 20614 12458
18717 20385 12349
18744 20164 12232
18755 19953 12111
18750 19751 11986
18728 19562 11857
18691 19386 11727
18644 19222 11599
18591 19068 11473
18532 18924 11351
18464 18791 11229
18391 18666 11110
18315 18547 10994
18234 18435 10879
18157 18332 10773
18089 18235 10675
18022 18137 10579
17951 18037 10479
17874 17939 10377
17787 17843 10271
17692 17750 10163
17595 17661 10057
17500 17575 9954
17407 17492 9854
17312 17410 9755
17215 17327 9654
17117 17245 9553
17020 17164 9455
16924 17087 9359
16829 17010 9265
16736 16937 9174
16644 16868 9086
16555 16796 8999
16463 16723 8910
16372 16650 8823
16284 16577 8737
16200 16504 8653
16119 16431 8572
16040 16358 8492
15963 16284 8413
15882 16208 8331
15800 16129 8247
15714 16048 8162
15627 15966 8075
15537 15881 7986
15446 15794 7895
15353 15706 7804
15256 15619 7712
15154 15533 7618
15048 15449 7524
14942 15366 7431
14836 15280 7337
14732 15195 7245
14627 15112 7154
14521 15033 7065
14412 14956 6976
14305 14877 6887
14195 14795 6797
14083 14711 6705
13972 14626 6614
13864 14542 6525
13758 14458 6438
13656 14377 6354
13552 14298 6271
13446 14219 6188
13340 14142 6105
13231 14067 6024
13124 14000 5946
13024 13937 5875
12935 13871 5807
12850 13802 5740
12768 13733 5675
12688 13668 5613
12609 13609 5554
12533 13555 5498
12457 13506 5445
12380 13461 5393
12301 13418 5342
12217 13377 5289
12133 13339 5238
12047 13303 5187
11960 13271 5137
11880 13242 5092
11803 13215 5048
11728 13190 5006
11654 13169 4967
11580 13151 4929
11501 13134 4889
11420 13123 4850
11339 13114 4812
11260 13107 4776
11184 13100 4741
11114 13094 4710
11051 13091 4682
10991 13088 4656
10937 13086 4632
10892 13086 4613
10851 13087 4596
10811 13086 4579
10767 13084 4559
10725 13082 4541
10689 13084 4526
10656 13084 4512
10626 13080 4498
10599 13074 4485
10575 13070 4473
10549 13066 4460
10515 13062 4445
10470 13057 4424
10412 13053 4399
10372 13050 4380
10328 13047 4361
10281 13045 4341
10294 13045 4346
10344 13043 4366
10374 13036 4377
10371 13027 4372
10353 13020 4362
10329 13013 4350
10303 13008 4338
10284 13004 4328
10275 13000 4323
10277 12995 4322
10278 12991 4321
10276 12988 4319
10274 12986 4318
10281 12986 4321
10295 12988 4327
10312 12989 4335
10327 12988 4341
10337 12986 4344
10345 12985 4348
10355 12986 4352
10364 12990 4357
10377 12996 4365
10396 13002 4375
10420 13007 4386
10452 13013 4402
10487 13019 4419
10528 13023 4437
10572 13027 4457
10620 13033 4479
10670 13041 4503
10718 13051 4527
10764 13063 4551
10813 13078 4577
10866 13097 4606
10922 13118 4637
10977 13142 4669
11026 13171 4700
11071 13203 4730
11115 13236 4761
11157 13269 4791
11198 13302 4821
11237 13335 4850
11277 13370 4879
11319 13407 4911
11359 13449 4944
11397 13492 4976
11427 13535 5006
11455 13579 5034
11478 13623 5061
11495 13667 5085
11507 13712 5107
11513 13758 5126
11510 13804 5142
11504 13850 5157
11494 13896 5169
11477 13940 5178
11457 13985 5186
11437 14030 5193
11415 14075 5200
11388 14120 5204
11362 14162 5207
11335 14202 5210
11303 14242 5210
11268 14279 5207
11235 14318 5206
11203 14362 5207
11170 14404 5207
11135 14443 5205
11096 14481 5201
11054 14518 5194
11013 14552 5187
10975 14584 5180
10935 14618 5173
10898 14654 5169
10855 14690 5160
10798 14720 5144
10738 14746 5125
10676 14768 5103
10610 14789 5078
10543 14808 5053
10474 14825 5025
10407 14839 4998
10342 14850 4970
10282 14859 4945
10225 14864 4919
10174 14866 4895
10127 14866 4872
10087 14863 4852
10050 14859 4833
10010 14854 4812
9966 14846 4788
9922 14833 4763
9878 14817 4737
9835 14796 4710
9793 14770 4681
9746 14737 4648
9694 14704 4613
9633 14671 4574
9568 14636 4532
9503 14595 4489
9443 14554 4448
9393 14512 4411
9351 14469 4379
9308 14423 4345
9261 14377 4309
9205 14329 4269
9140 14278 4224
9072 14226 4177
9001 14172 4128
8931 14115 4080
8861 14056 4031
8791 13995 3982
8720 13934 3932
8653 13871 3885
8585 13810 3837
8514 13748 3788
8445 13687 3741
8383 13628 3697
8323 13568 3655
8264 13510 3613
8204 13453 3572
8145 13395 3531
8090 13337 3492
8036 13279 3453
7985 13223 3417
7940 13170 3384
7902 13118 3355
7871 13068 3329
7843 13020 3305
7812 12974 3280
7776 12928 3253
7734 12885 3225
7693 12843 3197
7655 12803 3171
7614 12764 3145
7574 12728 3120
7534 12693 3095
7490 12660 3069
7443 12630 3042
7394 12602 3016
7344 12576 2989
7293 12551 2962
7246 12527 2937
7202 12506 2915
7163 12490 2895
7134 12474 2880
7112 12460 2868
7094 12448 2858
7075 12440 2848
7057 12434 2840
7041 12428 2832
7037 12423 2829
7042 12417 2830
7051 12410 2832
7056 12403 2832
7053 12396 2829
7045 12391 2825
7040 12388 2822
7035 12385 2820
7032 12381 2818
7032 12376 2816
7033 12372 2816
7031 12368 2814
7026 12366 2812
7014 12364 2807
7001 12361 2800
6987 12354 2793
6973 12343 2786
6963 12331 2779
6955 12319 2773
6947 12305 2766
6937 12287 2758
6924 12268 2749
6910 12246 2739
6896 12219 2727
6884 12191 2716
6869 12163 2704
6851 12135 2691
6828 12107 2675
6798 12081 2658
6764 12054 2639
6725 12024 2617
6682 11992 2593
6635 11960 2568
6588 11929 2543
6545 11897 2520
6503 11861 2496
6464 11821 2473
6426 11781 2450
6387 11738 2426
6348 11687 2401
6306 11633 2374
6264 11577 2347
6224 11523 2321
6184 11469 2295
6146 11417 2271
6109 11365 2247
6072 11312 2223
6036 11260 2199
6000 11209 2176
5967 11158 2155
5935 11105 2133
5905 11049 2111
5877 10991 2090
5855 10932 2071
5836 10871 2053
5814 10817 2035
5791 10762 2017
5771 10705 1999
5751 10648 1982
5732 10593 1965
5714 10540 1949
5701 10487 1935
5692 10433 1922
5689 10379 1911
5687 10327 1901
5687 10278 1892
5691 10227 1883
5700 10179 1878
5715 10136 1874
5735 10092 1873
5763 10045 1873
5799 9999 1876
5840 9956 1882
5884 9918 1888
5926 9885 1896
5966 9852 1902
6009 9817 1909
6056 9784 1917
6107 9753 1927
6162 9725 1939
6223 9700 1954
6290 9676 1969
6365 9650 1988
6441 9629 2007
6512 9608 2025
6583 9588 2043
6656 9571 2062
6732 9554 2081
6807 9540 2101
6883 9527 2122
6960 9516 2143
7042 9508 2167
7125 9500 2190
7208 9492 2214
7285 9482 2235
7358 9469 2255
7429 9454 2273
7499 9441 2291
7565 9430 2308
7620 9418 2323
7669 9406 2334
7715 9392 2345
7763 9378 2356
7808 9362 2365
7848 9342 2372
7882 9320 2377
7912 9298 2381
7940 9273 2383
7964 9246 2383
7980 9216 2380
7992 9185 2375
8002 9152 2370
8011 9114 2363
8018 9075 2355
8022 9038 2346
8024 9002 2338
8031 8966 2330
8043 8930 2324
8059 8891 2319
8072 8847 2311
8082 8801 2302
8089 8753 2291
8096 8704 2281
8102 8658 2270
8105 8611 2258
8107 8558 2245
8109 8502 2231
8110 8445 2216
8105 8392 2201
8092 8342 2185
8077 8292 2167
8064 8239 2150
8056 8183 2133
8050 8129 2118
8041 8074 2101
8029 8017 2083
8016 7961 2065
8007 7907 2049
7998 7850 2032
7984 7791 2013
7961 7731 1992
7935 7669 1969
7909 7605 1946
7882 7542 1924
7851 7483 1901
7821 7422 1878
7793 7358 1855
7762 7293 1832
7733 7229 1809
7703 7167 1786
7672 7102 1763
7642 7034 1739
7614 6965 1716
7588 6897 1693
7561 6830 1671
7534 6760 1648
7504 6690 1625
7482 6622 1603
7467 6558 1584
7451 6495 1566
7440 6429 1548
7433 6362 1530
7434 6295 1514
7438 6233 1500
7439 6175 1486
7437 6117 1472
7434 6061 1458
7438 6006 1445
7443 5951 1433
7450 5894 1421
7454 5836 1408
7459 5781 1395
7468 5731 1385
7478 5684 1375
7489 5636 1366
7499 5588 1356
7511 5540 1346
7526 5493 1338
7541 5448 1329
7553 5405 1321
7563 5362 1312
7573 5319 1304
7581 5277 1294
7590 5233 1285
7602 5190 1277
7617 5144 1268
7634 5099 1260
7651 5058 1252
7668 5021 1246
7685 4986 1240
7704 4949 1234
7726 4912 1228
7752 4876 1223
7779 4843 1219
7806 4813 1216
7830 4781 1211
7843 4747 1205
7860 4714 1199
7880 4686 1195
7900 4657 1190
7914 4629 1185
7930 4598 1180
7948 4568 1175
7964 4537 1169
7983 4511 1165
8001 4485 1161
8010 4457 1155
8015 4431 1149
8018 4409 1144
8019 4390 1139
8016 4370 1134
8009 4351 1128
7996 4334 1121
7984 4321 1116
7976 4309 1112
7960 4296 1106
7939 4283 1100
7922 4268 1094
7899 4253 1087
7871 4241 1080
7838 4228 1072
7802 4214 1064
7768 4201 1056
7741 4193 1050
7716 4187 1045
7685 4182 1040
7645 4172 1032
7604 4160 1023
7568 4148 1016
7535 4138 1009
7504 4131 1003
7469 4128 998
7432 4125 992
7397 4121 986
7363 4114 980
7330 4109 974
7296 4104 969
7260 4101 963
7224 4104 959
7191 4111 956
7157 4119 954
7120 4127 951
7080 4133 947
7046 4140 944
7017 4151 943
6995 4165 942
6975 4178 943
6954 4192 943
6937 4204 943
6926 4217 945
6915 4234 947
6904 4254 950
6891 4274 953
6875 4295 955
6863 4320 959
6856 4346 964
6853 4368 968
6853 4384 972
6854 4397 975
6857 4410 978
6857 4424 981
6856 4436 984
6845 4447 985
6825 4458 985
6799 4471 983
6777 4481 983
6754 4490 981
6725 4498 979
6699 4507 977
6678 4515 976
6659 4525 975
6638 4532 973
6610 4539 971
6583 4545 968
6554 4551 965
6518 4558 961
6490 4562 958
6469 4565 956
6460 4566 954
6456 4567 954
6451 4568 954
6443 4567 952
6433 4565 950
6423 4563 948
6416 4560 947
6417 4555 946
6425 4552 946
6436 4548 947
6443 4547 948
6441 4548 948
6435 4552 948
6428 4554 947
6418 4554 946
6403 4554 943
6384 4552 940
6361 4551 937
6332 4551 932
6314 4550 929
6308 4549 928
6299 4546 926
6283 4540 923
6268 4533 919
6253 4526 916
6240 4517 912
6225 4506 908
6204 4495 902
6177 4485 896
6156 4477 892
6146 4468 888
6141 4455 885
6135 4442 882
6136 4429 879
6130 4415 876
6127 4397 872
6132 4377 868
6141 4356 865
6153 4335 863
6171 4310 861
6186 4282 857
6198 4251 852
6207 4222 848
6212 4196 843
6208 4173 838
6194 4150 832
6186 4129 826
6191 4108 823
6201 4085 819
6210 4061 816
6223 4039 813
6238 4019 811
6250 3998 808
6270 3978 807
6312 3960 809
6369 3944 813
6442 3927 818
6533 3913 827
6639 3901 838
6773 3889 852
6943 3879 871
7162 3871 897
7425 3864 928
7714 3853 962
8008 3835 994
8291 3816 1024
8545 3798 1050
8768 3783 1073
8984 3766 1095
9196 3745 1114
9393 3718 1130
9564 3691 1142
9707 3667 1152
9829 3646 1159
9923 3626 1164
9998 3608 1167
10069 3590 1170
10144 3570 1172
10227 3550 1175
10320 3528 1178
10418 3508 1183
10542 3489 1190
10701 3470 1202
10896 3452 1217
11113 3435 1235
11362 3419 1257
11660 3403 1284
12004 3389 1316
12397 3375 1354
12851 3364 1399
13377 3354 1452
13983 3344 1513
14635 3333 1579
15301 3321 1645
16033 3309 1717
16925 3299 1807
17972 3290 1913
19052 3280 2023
20118 3271 2130
21168 3262 2235
22207 3254 2338
23243 3248 2443
24291 3246 2552
25361 3245 2664
26468 3243 2778
27607 3238 2893
28749 3233 3008
29863 3229 3120
30938 3224 3228
31967 3218 3330
32946 3212 3425
33879 3207 3517
34774 3202 3604
35638 3196 3687
36462 3187 3761
37256 3179 3833
38029 3175 3908
38778 3173 3983
39485 3169 4050
40172 3164 4114
40851 3162 4181
41490 3162 4246
42078 3166 4312
42646 3176 4384
43213 3185 4454
43781 3194 4526
44341 3206 4601
44897 3223 4683
45450 3242 4770
45994 3263 4858
46516 3288 4950
47018 3318 5049
47516 3352 5156
48001 3392 5270
48456 3435 5387
48912 3481 5511
49365 3532 5644
49803 3586 5781
50226 3643 5922
50627 3702 6066
51004 3763 6213
51350 3830 6365
51658 3902 6524
51930 3982 6693
52180 4070 6874
52406 4167 7068
52605 4276 7280
52769 4399 7514
52908 4536 7767
53044 4689 8049
53142 4861 8360
53205 5057 8708
53248 5279 9098
53269 5529 9533
53286 5809 10019
53294 6121 10559
53265 6466 11147
53206 6846 11789
53130 7262 12488
53042 7713 13242
52947 8198 14048
52844 8709 14896
52732 9245 15778
52601 9805 16693
52462 10384 17632
52314 10976 18584
52149 11580 19545
51971 12189 20503
51792 12801 21458
51622 13415 22413
51441 14026 23353
51247 14631 24267
51034 15232 25159
50816 15829 26034
50598 16423 26894
50377 17011 27736
50146 17591 28550
49915 18162 29341
49694 18723 30113
49465 19279 30864
49226 19828 31591
48991 20369 32298
48762 20901 32986
48522 21424 33644
48257 21938 34264
47981 22446 34857
47716 22943 35432
47448 23429 35978
47160 23907 36491
46870 24378 36981
46590 24840 37456
46310 25295 37913
46028 25740 38344
45733 26173 38740
45422 26597 39100
45113 27013 39442
44806 27427 39774
44505 27837 40098
44215 28245 40419
43945 28647 40744
43697 29045 41077
43452 29438 41400
43212 29831 41721
42963 30224 42027
42701 30617 42314
42445 31011 42601
42196 31400 42883
41942 31784 43145
41684 32162 43390
41445 32537 43643
41222 32907 43903
41009 33277 44167
40803 33647 44434
40601 34016 44699
40405 34382 44961
40212 34746 45220
40007 35109 45460
39789 35472 45680
39589 35833 45913
39420 36193 46176
39269 36550 46453
39110 36906 46716
38946 37259 46964
38786 37607 47207
38627 37950 47444
38462 38290 47664
38293 38624 47868
38131 38954 48074
37981 39282 48288
37847 39605 48514
37739 39923 48763
37635 40236 49009
37523 40542 49235
37419 40840 49459
37334 41130 49698
37263 41411 49942
37196 41686 50184
37126 41959 50417
37047 42224 50627
36974 42478 50832
36915 42725 51046
36866 42967 51266
36814 43201 51474
36776 43426 51688
36748 43642 51906
36722 43852 52117
36703 44055 52333
36676 44253 52529
36651 44446 52723
36639 44632 52926
36633 44811 53129
36638 44981 53338
36658 45143 53560
36671 45296 53760
36657 45443 53914
36626 45584 54035
36614 45718 54176
36619 45846 54335
36611 45964 54463
36597 46074 54572
36574 46179 54662
36529 46280 54716
36468 46378 54739
36406 46471 54756
36360 46557 54788
36321 46639 54825
36271 46716 54840
36206 46789 54828
36139 46855 54803
36073 46915 54773
36004 46970 54732
35938 47022 54693
35866 47068 54637
35784 47107 54557
35710 47139 54480
35629 47168 54391
35522 47193 54256
35392 47212 54079
35255 47229 53890
35108 47241 53679
34949 47248 53444
34801 47247 53216
34664 47241 52999
34514 47235 52763
34339 47228 52489
34129 47214 52152
33900 47193 51779
33698 47169 51445
33543 47141 51176
33409 47109 50938
33245 47073 50649
33014 47032 50254
32757 46989 49816
32473 46944 49338
32165 46898 48823
31869 46850 48323
31604 46800 47870
31370 46750 47465
31144 46699 47071
30909 46646 46663
30670 46591 46249
30445 46537 45855
30238 46485 45493
30046 46435 45155
29875 46387 44852
29733 46336 44588
29606 46283 44348
29499 46230 44137
29403 46178 43944
29296 46126 43736
29193 46073 43531
29109 46017 43354
29056 45961 43222
29034 45904 43136
29029 45847 43074
29034 45787 43025
29047 45725 42986
29048 45663 42929
29046 45600 42867
29060 45537 42829
29086 45473 42807
29102 45408 42769
29096 45343 42699
29078 45278 42611
29058 45209 42517
29023 45137 42398
28960 45062 42236
28884 44986 42054
28806 44905 41865
28722 44821 41664
28628 44734 41448
28529 44644 41222
28416 44553 40974
28283 44462 40700
28126 44369 40390
27954 44275 40057
27774 44178 39713
27588 44079 39357
27379 43982 38974
27138 43885 38546
26876 43783 38084
26613 43678 37621
26347 43576 37158
26068 43474 36678
25760 43369 36158
25432 43261 35608
25082 43147 35026
24702 43032 34403
24294 42916 33744
23856 42799 33046
23395 42679 32315
22919 42556 31566
22430 42432 30803
21934 42306 30034
21436 42176 29260
20907 42043 28449
20351 41910 27604
19778 41776 26741
19189 41638 25859
18596 41494 24974
18032 41344 24129
17525 41193 23364
17061 41037 22661
16593 40880 21954
16081 40720 21194
15504 40557 20351
14879 40389 19450
14239 40217 18534
13607 40042 17635
13001 39864 16774
12417 39684 15948
11867 39503 15172
11365 39318 14463
10888 39131 13789
10412 38940 13123
9934 38748 12459
9428 38554 11765
8907 38355 11057
8396 38148 10366
7893 37935 9690
7396 37719 9029
6915 37500 8393
6455 37278 7788
6042 37052 7246
5709 36823 6804
5490 36592 6502
5399 36360 6353
5419 36122 6336
5529 35881 6421
5721 35637 6599
6020 35391 6896
6424 35143 7307
6934 34894 7831
7533 34643 8446
8163 34389 9085
8799 34135 9721
9430 33882 10340
10030 33630 10917
10584 33377 11433
11082 33120 11880
11542 32861 12276
11972 32599 12631
12366 32336 12941
12715 32070 13197
13023 31801 13404
13288 31532 13560
13519 31262 13678
13724 30990 13766
13917 30717 13835
14112 30440 13903
14325 30158 13982
14554 29875 14072
14786 29591 14161
15008 29307 14235
15222 29023 14298
15443 28736 14362
15663 28448 14422
15876 28158 14468
16093 27867 14514
16308 27577 14555
16514 27290 14586
16707 27004 14602
16896 26721 14612
17092 26440 14626
17286 26164 14637
17467 25890 14636
17646 25619 14631
17818 25351 14620
17981 25088 14600
18141 24827 14577
18301 24570 14553
18453 24319 14524
18589 24073 14484
18719 23832 14439
18847 23597 14394
18969 23369 14346
19070 23147 14286
19140 22930 14205
19171 22721 14098
19175 22517 13974
19165 22321 13845
19140 22131 13709
19099 21947 13566
19035 21767 13410
18948 21595 13243
18844 21428 13069
18735 21270 12898
18629 21115 12731
18534 20962 12574
18443 20814 12424
18359 20671 12283
18261 20532 12135
18130 20393 11966
18017 20251 11809
17974 20108 11698
17914 19963 11574
17758 19818 11390
17588 19674 11199
17466 19530 11040
17342 19384 10880
17209 19237 10715
17084 19092 10557
16947 18949 10394
16795 18806 10222
16648 18657 10052
16519 18505 9893
16406 18354 9745
16295 18201 9599
16178 18050 9451
16059 17901 9304
15942 17754 9160
15840 17605 9025
15762 17453 8904
15687 17304 8785
15596 17156 8660
15499 17010 8532
15402 16862 8406
15311 16713 8282
15208 16565 8153
15094 16420 8022
14981 16279 7893
14878 16140 7772
14791 16000 7659
14712 15862 7552
14623 15724 7442
14525 15588 7328
14430 15454 7217
14336 15320 7108
14240 15190 7001
14136 15067 6893
14039 14950 6793
13946 14836 6696
13849 14725 6600
13750 14618 6505
13662 14511 6416
13582 14409 6334
13488 14312 6248
13383 14217 6158
13270 14128 6067
13156 14043 5979
13040 13963 5893
12926 13887 5809
12826 13815 5735
12733 13748 5665
12636 13684 5596
12534 13621 5525
12436 13562 5458
12338 13503 5392
12241 13445 5326
12142 13392 5263
12032 13346 5197
11918 13304 5132
11815 13266 5073
11726 13232 5022
11639 13204 4974
11546 13182 4926
11447 13164 4877
11344 13149 4827
11242 13137 4780
11143 13128 4735
11042 13122 4689
10941 13118 4645
10838 13117 4601
10737 13116 4558
10641 13116 4517
10544 13116 4476
10443 13120 4434
10342 13126 4393
10241 13135 4353
10149 13144 4317
10058 13155 4282
9960 13168 4245
9852 13186 4204
9748 13206 4166
9652 13226 4132
9559 13246 4098
9467 13266 4065
9383 13286 4035
9309 13306 4008
9231 13325 3981
9146 13346 3950
9063 13369 3921
8975 13394 3890
8877 13421 3856
8777 13450 3820
8680 13478 3786
8592 13508 3756
8519 13539 3733
8459 13570 3715
8405 13600 3699
8339 13626 3677
8258 13650 3648
8165 13674 3613
8049 13700 3569
7944 13724 3528
7883 13745 3507
7873 13763 3507
7891 13780 3519
7906 13797 3530
7894 13815 3529
7871 13834 3524
7852 13854 3521
7834 13878 3519
7811 13903 3515
7783 13929 3508
7764 13955 3506
7756 13981 3510
7771 14010 3524
7802 14041 3545
7830 14071 3565
7835 14096 3574
7802 14123 3566
7732 14150 3541
7674 14176 3521
7620 14203 3502
7571 14231 3487
7550 14260 3484
7579 14288 3504
7637 14315 3538
7706 14342 3577
7771 14369 3614
7837 14395 3651
7901 14421 3688
7958 14445 3720
8018 14465 3753
8087 14484 3790
8164 14500 3831
8238 14516 3870
8304 14529 3905
8374 14540 3941
8449 14550 3979
8523 14558 4016
8584 14563 4046
8622 14566 4065
8640 14569 4074
8653 14568 4079
8663 14567 4084
8669 14567 4087
8657 14566 4081
8634 14564 4070
8608 14561 4056
8582 14555 4043
8553 14553 4028
8517 14552 4011
8469 14547 3987
8418 14538 3961
8366 14530 3934
8309 14524 3906
8253 14521 3879
8198 14518 3852
8142 14516 3825
8084 14513 3797
8019 14511 3766
7953 14511 3735
7895 14514 3708
7844 14519 3686
7793 14526 3664
7753 14537 3647
7723 14551 3637
7692 14567 3626
7656 14583 3613
7605 14598 3593
7555 14613 3573
7511 14631 3556
7468 14651 3541
7430 14672 3528
7401 14693 3519
7381 14715 3515
7362 14739 3512
7326 14765 3500
7277 14794 3484
7241 14826 3474
7217 14856 3470
7193 14887 3465
7171 14918 3462
7152 14950 3460
7128 14983 3456
7093 15018 3447
7054 15055 3437
7026 15098 3433
7007 15143 3434
6994 15185 3437
6984 15223 3441
6976 15264 3446
6972 15306 3454
6967 15351 3462
6958 15397 3467
6947 15443 3472
6926 15490 3472
6899 15534 3469
6883 15577 3470
6875 15617 3475
6871 15653 3481
6874 15689 3490
6890 15722 3506
6902 15754 3519
6905 15784 3527
6903 15809 3532
6888 15830 3528
6871 15849 3524
6855 15865 3520
6831 15879 3510
6807 15889 3500
6791 15896 3494
6775 15898 3486
6755 15894 3475
6736 15886 3463
6712 15876 3449
6677 15862 3428
6633 15843 3401
6593 15821 3376
6552 15798 3350
6510 15771 3323
6471 15739 3296
6442 15704 3274
6415 15667 3252
6385 15628 3229
6348 15589 3202
6297 15550 3169
6237 15508 3130
6183 15465 3095
6132 15419 3060
6083 15373 3026
6043 15325 2997
6015 15277 2974
5994 15226 2954
5972 15172 2932
5943 15116 2907
5911 15058 2881
5871 15001 2850
5823 14947 2816
5774 14893 2783
5731 14838 2752
5688 14782 2721
5645 14727 2691
5612 14673 2665
5592 14617 2646
5577 14562 2628
5560 14509 2611
5541 14454 2592
5516 14397 2570
5484 14339 2545
5451 14281 2519
5419 14222 2494
5385 14164 2469
5350 14109 2443
5314 14053 2417
5281 13996 2392
5244 13941 2366
5210 13889 2342
5176 13838 2318
5143 13788 2295
5116 13739 2274
5090 13691 2255
5057 13646 2233
5022 13605 2211
4992 13567 2192
4962 13531 2173
4929 13492 2152
4892 13454 2130
4850 13421 2106
4811 13394 2085
4783 13367 2069
4759 13344 2055
4733 13323 2041
4707 13308 2027
4681 13299 2015
4656 13293 2003
4629 13287 1990
4604 13280 1979
4581 13273 1968
4559 13265 1957
4537 13256 1946
4515 13248 1936
4498 13240 1927
4492 13232 1923
4485 13224 1920
4480 13214 1916
4473 13203 1911
4468 13190 1907
4467 13176 1905
4464 13161 1901
4460 13144 1897
4447 13127 1889
4434 13109 1881
4427 13088 1875
4431 13063 1873
4440 13033 1873
4456 12999 1875
4478 12960 1878
4494 12920 1879
4506 12878 1878
4513 12833 1874
4515 12782 1868
4512 12729 1859
4509 12676 1850
4520 12623 1846
4539 12566 1846
4560 12507 1845
4579 12448 1845
4601 12389 1844
4626 12328 1845
4645 12264 1844
4657 12200 1839
4664 12133 1831
4671 12064 1823
4673 11997 1814
4675 11932 1805
4686 11868 1800
4705 11803 1797
4725 11735 1794
4746 11665 1791
4763 11592 1787
4783 11519 1783
4802 11445 1778
4816 11371 1772
4831 11300 1767
4853 11230 1764
4877 11158 1761
4888 11080 1753
4888 11001 1740
4888 10922 1728
4892 10846 1717
4903 10772 1709
4914 10701 1702
4924 10629 1694
4936 10557 1686
4946 10486 1678
4957 10417 1671
4968 10348 1664
4976 10282 1656
4989 10216 1649
5009 10153 1646
5033 10090 1643
5051 10027 1639
5064 9967 1633
5072 9910 1626
5083 9852 1620
5091 9792 1613
5092 9732 1604
5097 9670 1595
5103 9609 1587
5110 9551 1579
5116 9496 1572
5120 9442 1564
5129 9387 1558
5142 9334 1553
5156 9284 1549
5171 9235 1545
5188 9186 1542
5207 9136 1539
5231 9087 1538
5249 9040 1535
5260 8993 1531
5272 8945 1526
5290 8892 1522
5319 8838 1521
5358 8785 1523
5404 8731 1527
5457 8675 1532
5508 8617 1536
5549 8558 1537
5579 8502 1535
5610 8447 1533
5639 8389 1531
5664 8330 1527
5693 8271 1524
5730 8212 1523
5769 8157 1523
5810 8102 1523
5846 8046 1522
5880 7992 1521
5914 7938 1519
5950 7887 1519
5991 7839 1520
6027 7792 1520
6061 7746 1519
6102 7700 1520
6143 7651 1521
6184 7602 1521
6230 7557 1523
6282 7513 1527
6334 7471 1531
6383 7429 1534
6425 7387 1536
6465 7344 1536
6507 7304 1538
6551 7269 1541
6598 7235 1545
6649 7204 1550
6707 7174 1557
6768 7146 1565
6823 7117 1571
6875 7092 1578
6924 7068 1584
6970 7045 1589
7015 7021 1594
7051 6996 1596
7075 6972 1596
7095 6952 1596
7113 6936 1596
7123 6923 1596
7120 6909 1592
7111 6898 1587
7102 6890 1583
7086 6886 1579
7063 6883 1573
7042 6880 1568
7025 6882 1564
7019 6887 1564
7023 6895 1567
7026 6908 1571
7028 6922 1574
7028 6935 1577
7020 6948 1578
6997 6961 1576
6980 6976 1576
6973 6990 1577
6977 7003 1581
6986 7017 1586
7001 7032 1593
7020 7049 1601
7040 7065 1609
7057 7080 1617
7071 7094 1623
7082 7108 1629
7092 7123 1635
7105 7137 1641
7117 7146 1646
7138 7153 1652
7173 7159 1662
7211 7167 1672
7225 7179 1679
7229 7192 1683
7287 7205 1699
7409 7215 1730
7506 7225 1755
7553 7233 1768
7570 7240 1773
7530 7243 1765
7435 7243 1743
7299 7239 1710
7144 7233 1672
7005 7225 1638
6854 7216 1600
6695 7205 1561
6666 7190 1551
6726 7173 1561
6787 7156 1571
6775 7138 1565
6670 7118 1536
6522 7095 1497
6388 7070 1461
6302 7040 1436
6277 7009 1424
6288 6977 1420
6300 6942 1415
6286 6904 1404
6258 6868 1391
6230 6832 1377
6211 6796 1366
6197 6762 1356
6184 6727 1346
6171 6690 1336
6168 6654 1328
6175 6617 1322
6191 6577 1317
6215 6534 1314
6240 6494 1311
6262 6456 1308
6279 6416 1303
6304 6372 1300
6340 6329 1298
6381 6291 1299
6421 6258 1300
6463 6230 1303
6512 6204 1307
6560 6180 1312
6604 6154 1315
6645 6128 1317
6676 6101 1318
6699 6077 1317
6721 6050 1316
6750 6023 1316
6781 5997 1316
6810 5976 1317
6831 5956 1316
6848 5935 1315
6863 5913 1313
6876 5888 1310
6887 5863 1306
6902 5837 1304
6920 5810 1301
6930 5783 1297
6925 5758 1290
6913 5731 1282
6898 5705 1273
6882 5679 1265
6869 5651 1256
6860 5623 1248
6853 5595 1241
6844 5565 1232
6831 5529 1222
6815 5492 1211
6799 5452 1199
6785 5413 1188
6777 5373 1178
6772 5333 1169
6767 5294 1159
6765 5252 1150
6759 5211 1140
6752 5169 1129
6743 5127 1119
6738 5086 1109
6735 5045 1099
6729 5004 1090
6716 4964 1079
6698 4923 1067
6681 4883 1056
6664 4844 1044
6646 4806 1033
6633 4764 1022
6628 4720 1012
6625 4677 1002
6623 4633 993
6617 4591 983
6602 4552 972
6583 4512 961
6562 4473 950
6541 4439 939
6526 4409 931
6509 4381 923
6495 4349 914
6481 4312 904
6463 4276 894
6450 4244 886
6445 4216 879
6449 4192 875
6453 4166 870
6448 4141 864
6441 4120 859
6434 4103 854
6431 4089 851
6433 4077 849
6436 4065 846
6441 4054 845
6447 4045 844
6452 4038 843
6454 4037 843
6452 4041 843
6453 4044 844
6457 4049 846
6460 4057 848
6467 4067 851
6479 4079 855
6490 4090 859
6496 4106 863
6497 4126 867
6499 4150 873
6505 4179 879
6510 4213 887
6507 4251 895
6501 4289 902
6493 4330 910
6479 4373 917
6459 4421 924
6438 4477 932
6411 4535 941
6380 4589 947
6348 4640 953
6302 4691 956
6248 4747 960
6193 4806 963
6132 4866 965
6069 4926 967
6008 4984 969
5938 5043 969
5865 5102 968
5793 5163 968
5729 5226 969
5676 5289 971
5636 5351 976
5609 5412 982
5593 5468 989
5584 5520 997
5581 5570 1006
5592 5619 1017
5622 5668 1031
5675 5715 1049
5760 5764 1074
5882 5811 1106
6042 5856 1145
6242 5898 1191
6476 5938 1244
6736 5979 1303
7010 6019 1365
7289 6057 1428
7558 6090 1489
7815 6120 1548
8055 6150 1603
8273 6177 1654
8466 6201 1699
8632 6222 1738
8771 6237 1770
8892 6249 1798
8999 6260 1823
9097 6267 1845
9184 6273 1864
9265 6275 1882
9348 6275 1898
9429 6273 1914
9510 6266 1928
9602 6256 1944
9711 6242 1961
9847 6227 1984
10020 6212 2014
10235 6196 2052
10499 6175 2098
10816 6149 2152
11191 6118 2216
11633 6082 2290
12151 6043 2376
12749 6003 2477
13432 5963 2592
14203 5919 2721
15057 5871 2861
15991 5820 3012
16994 5771 3174
18057 5724 3345
19172 5677 3523
20330 5627 3703
21525 5575 3884
22741 5520 4063
23969 5464 4238
25194 5409 4410
26407 5355 4577
27597 5302 4735
28761 5246 4884
29892 5191 5023
30986 5139 5154
32042 5086 5274
33056 5026 5377
34018 4964 5466
34931 4905 5545
35792 4847 5615
36607 4789 5674
37382 4729 5721
38126 4669 5761
38840 4611 5796
39523 4558 5831
40179 4512 5868
40814 4469 5904
41425 4428 5937
42010 4388 5967
42581 4348 5993
43150 4308 6017
43712 4272 6044
44268 4243 6080
44822 4220 6121
45376 4196 6162
45932 4173 6204
46486 4158 6256
47032 4147 6313
47565 4138 6370
48087 4132 6431
48600 4132 6500
49097 4139 6577
49578 4151 6661
50039 4168 6750
50476 4190 6845
50895 4216 6946
51287 4248 7052
51651 4288 7168
51985 4336 7295
52288 4395 7437
52567 4464 7596
52820 4545 7770
53048 4640 7967
53248 4754 8193
53423 4885 8446
53574 5038 8735
53702 5215 9064
53803 5415 9430
53879 5644 9842
53934 5902 10302
53969 6194 10819
53990 6521 11396
53996 6883 12029
53979 7281 12720
53950 7717 13476
53898 8190 14288
53823 8696 15149
53743 9230 16055
53658 9789 17001
53567 10371 17981
53464 10971 18984
53350 11584 20002
53230 12207 21030
53105 12834 22058
52974 13460 23077
52837 14085 24087
52690 14710 25085
52534 15331 26068
52371 15949 27034
52201 16562 27982
52031 17168 28911
51855 17767 29819
51671 18362 30707
51476 18950 31571
51272 19534 32416
51063 20111 33237
50846 20677 34026
50625 21234 34791
50406 21785 35539
50187 22331 36272
49970 22870 36987
49748 23401 37677
49520 23922 38340
49290 24437 38983
49060 24944 39608
48828 25444 40210
48591 25937 40791
48353 26426 41355
48117 26911 41910
47883 27391 42449
47650 27867 42975
47417 28340 43492
47184 28812 43999
46954 29283 44500
46727 29755 44998
46507 30225 45495
46295 30695 45991
46091 31160 46483
45900 31621 46974
45712 32078 47459
45531 32535 47944
45358 32993 48434
45191 33447 48920
45026 33900 49401
44866 34350 49879
44714 34796 50355
44565 35243 50833
44421 35692 51314
44281 36137 51790
44146 36580 52265
44017 37022 52742
43898 37462 53224
43785 37897 53704
43680 38324 54178
43577 38746 54647
43475 39166 55109
43376 39580 55565
43279 39989 56014
43181 40394 56452
43084 40794 56883
42995 41193 57321
42915 41587 57763
42838 41975 58197
42761 42354 58616
42690 42724 59029
42620 43089 59438
42550 43452 59839
42480 43807 60228
42409 44157 60608
42341 44504 60986
42274 44844 61355
42206 45179 61714
42140 45510 62069
42076 45834 62417
42015 46153 62759
41949 46467 63087
41877 46775 63396
41804 47074 63691
41726 47365 63964
41632 47652 64207
41527 47933 64422
41416 48199 64607
41307 48455 64779
41200 48704 64943
41090 48946 65092
40972 49181 65217
40847 49409 65320
40720 49628 65405
40590 49835 65468
40456 50033 65510
40317 50222 65532
40174 50402 65535
40033 50572 65524
39888 50730 65492
39740 50877 65437
39587 51009 65356
39432 51130 65252
39279 51241 65140
39125 51343 65015
38973 51433 64875
38827 51512 64731
38685 51584 64585
38552 51652 64448
38421 51708 64299
38296 51753 64144
38183 51785 63996
38083 51804 63851
37987 51815 63704
37889 51824 63550
37784 51828 63379
37677 51825 63196
37558 51814 62983
37425 51797 62740
37279 51770 62462
37120 51736 62155
36952 51694 61823
36764 51645 61451
36559 51582 61034
36345 51512 60594
36125 51438 60141
35909 51363 59694
35699 51281 59250
35506 51197 58833
35337 51109 58452
35194 51014 58108
35073 50916 57797
34972 50818 57520
34882 50716 57255
34807 50608 57011
34749 50498 56792
34715 50383 56609
34720 50266 56484
34766 50149 56428
34842 50030 56418
34932 49908 56425
35029 49782 56438
35128 49658 56456
35219 49538 56466
35292 49421 56450
35339 49305 56393
35359 49185 56288
35351 49063 56134
35319 48942 55945
35267 48823 55727
35193 48706 55478
35094 48591 55191
34972 48475 54867
34833 48358 54518
34682 48241 54149
34524 48127 53775
34368 48018 53411
34217 47912 53060
34078 47807 52728
33942 47705 52405
33813 47607 52099
33695 47505 51806
33583 47402 51522
33478 47298 51248
33379 47193 50983
33297 47086 50742
33228 46975 50518
33160 46871 50303
33090 46765 50084
33015 46654 49851
32932 46541 49606
32834 46431 49341
32723 46325 49062
32600 46214 48760
32468 46102 48445
32319 45990 48107
32157 45876 47747
31982 45761 47366
31790 45645 46964
31581 45530 46537
31359 45408 46086
31128 45282 45621
30889 45155 45142
30637 45025 44645
30374 44896 44136
30104 44767 43617
29823 44636 43084
29522 44503 42522
29203 44369 41935
28873 44235 41337
28534 44102 40728
28185 43970 40109
27817 43837 39466
27429 43699 38794
27021 43556 38090
26587 43411 37354
26133 43265 36593
25666 43120 35820
25185 42979 35033
24695 42838 34239
24189 42695 33425
23664 42550 32589
23127 42405 31740
22575 42263 30879
22011 42123 30008
21440 41986 29134
20860 41851 28255
20271 41712 27366
19667 41576 26465
19051 41444 25553
18433 41307 24642
17838 41168 23767
17283 41028 22949
16749 40891 22166
16208 40756 21379
15633 40621 20553
15015 40484 19674
14361 40346 18752
13688 40207 17812
13019 40068 16884
12376 39931 15994
11771 39795 15161
11207 39659 14385
10685 39521 13667
10192 39384 12991
9708 39247 12331
9216 39109 11665
8711 38971 10987
8200 38831 10306
7701 38684 9641
7225 38528 9010
6782 38368 8421
6371 38206 7879
6013 38041 7403
5733 37873 7027
5557 37702 6781
5502 37531 6684
5568 37356 6732
5740 37172 6906
5999 36980 7180
6337 36776 7543
6753 36566 7992
7238 36353 8516
7775 36136 9093
8334 35915 9687
8885 35688 10263
9402 35457 10790
9869 35219 11249
10277 34974 11633
10634 34722 11950
10947 34466 12211
11222 34205 12424
11463 33939 12591
11668 33664 12712
11833 33383 12785
11962 33098 12814
12062 32812 12810
12144 32520 12782
12215 32223 12739
12283 31918 12689
12353 31608 12637
12424 31295 12584
12503 30980 12536
12589 30662 12493
12679 30340 12450
12769 30016 12405
12857 29691 12355
12945 29362 12301
13030 29034 12244
13117 28706 12187
13212 28380 12135
13314 28052 12087
13416 27726 12039
13517 27403 11988
13618 27082 11937
13724 26764 11888
13840 26450 11848
13964 26147 11816
14089 25851 11788
14211 25562 11757
14325 25280 11721
14429 25006 11678
14524 24739 11629
14610 24480 11575
14687 24228 11517
14754 23983 11452
14811 23746 11383
14851 23518 11304
14869 23296 11211
14868 23080 11106
14851 22873 10994
14821 22675 10877
14781 22488 10758
14733 22310 10638
14676 22140 10516
14611 21976 10392
14540 21820 10268
14467 21673 10148
14396 21533 10032
14325 21396 9920
14256 21260 9809
14187 21123 9699
14115 20988 9588
14046 20853 9479
13976 20713 9369
13902 20573 9256
13823 20432 9140
13738 20290 9021
13651 20150 8902
13560 20014 8783
13466 19879 8663
13369 19744 8543
13269 19608 8420
13168 19471 8298
13070 19335 8179
12975 19200 8062
12883 19064 7949
12792 18930 7837
12701 18799 7727
12612 18666 7619
12528 18533 7515
12453 18406 7418
12388 18281 7329
12328 18157 7245
12272 18032 7162
12217 17909 7081
12160 17790 7001
12103 17670 6922
12047 17545 6841
11990 17421 6760
11929 17300 6679
11865 17179 6597
11801 17059 6515
11736 16940 6434
11671 16824 6354
11604 16708 6275
11534 16594 6194
11456 16481 6110
11374 16369 6026
11290 16258 5941
11201 16149 5854
11110 16043 5768
11020 15938 5684
10932 15833 5602
10843 15730 5520
10754 15636 5442
10666 15545 5366
10579 15455 5292
10494 15363 5218
10412 15272 5146
10337 15183 5079
10266 15101 5017
10200 15022 4959
10136 14947 4903
10075 14873 4850
10017 14802 4799
9962 14735 4751
9910 14672 4706
9859 14616 4663
9804 14562 4621
9747 14511 4578
9688 14463 4535
9627 14422 4494
9564 14386 4453
9504 14354 4415
9444 14325 4378
9383 14299 4342
9320 14278 4306
9254 14259 4271
9188 14242 4235
9119 14228 4199
9052 14220 4166
8984 14217 4134
8912 14219 4101
8835 14226 4068
8757 14238 4035
8678 14252 4003
8598 14268 3970
8518 14287 3938
8436 14308 3906
8351 14330 3873
8266 14352 3840
8180 14371 3805
8095 14391 3770
8010 14412 3736
7927 14436 3704
7843 14461 3671
7756 14489 3637
7668 14519 3603
7576 14551 3568
7483 14584 3532
7387 14616 3494
7296 14647 3458
7210 14676 3424
7127 14701 3391
7045 14725 3357
6969 14747 3326
6897 14765 3296
6833 14782 3269
6771 14798 3243
6713 14812 3218
6658 14821 3193
6600 14828 3167
6536 14834 3137
6475 14839 3110
6421 14843 3084
6371 14847 3061
6324 14847 3038
6278 14846 3016
6233 14842 2994
6187 14834 2970
6142 14821 2946
6097 14806 2921
6054 14792 2898
6012 14777 2875
5972 14762 2853
5935 14744 2832
5899 14722 2811
5863 14699 2789
5827 14675 2767
5786 14650 2743
5744 14625 2719
5702 14600 2694
5661 14577 2671
5621 14555 2648
5580 14531 2624
5543 14504 2602
5509 14476 2581
5477 14448 2561
5448 14421 2542
5417 14397 2524
5385 14373 2505
5349 14351 2484
5314 14330 2464
5283 14312 2447
5255 14298 2431
5228 14289 2417
5201 14282 2404
5172 14276 2389
5142 14268 2374
5112 14263 2359
5082 14261 2345
5052 14261 2332
5020 14262 2317
4987 14262 2302
4955 14262 2287
4917 14266 2270
4879 14277 2254
4840 14291 2238
4800 14307 2222
4758 14321 2205
4714 14332 2187
4668 14347 2167
4617 14365 2146
4564 14385 2125
4511 14408 2103
4454 14433 2080
4392 14457 2055
4325 14480 2027
4261 14503 2000
4196 14528 1973
4132 14554 1946
4067 14578 1919
3998 14597 1889
3924 14615 1856
3847 14636 1822
3770 14659 1788
3692 14684 1754
3618 14710 1722
3546 14736 1691
3475 14761 1660
3401 14788 1628
3319 14819 1592
3233 14852 1554
3147 14889 1516
3065 14927 1481
2984 14968 1445
2903 15012 1410
2816 15059 1372
2724 15108 1332
2631 15160 1291
2541 15213 1251
2453 15267 1212
2368 15319 1174
2286 15374 1137
2208 15429 1102
2132 15487 1068
2052 15546 1032
1965 15605 992
1879 15667 953
1795 15731 914
1714 15798 876
1636 15866 840
1559 15933 804
1487 15999 770
1416 16064 736
1346 16128 702
1276 16190 668
1207 16250 635
1142 16308 602
1079 16364 571
1021 16418 543
965 16470 514
913 16522 488
866 16572 464
824 16619 443
783 16658 422
742 16692 401
703 16725 380
668 16756 362
636 16783 345
609 16807 331
584 16827 318
563 16842 307
541 16855 295
516 16864 281
486 16870 265
456 16874 249
426 16872 232
394 16866 215
364 16857 199
334 16845 182
304 16831 166
280 16813 152
257 16789 140
237 16759 128
217 16726 117
196 16687 105
179 16644 96
162 16597 87
147 16548 79
136 16496 72
127 16444 67
115 16390 61
101 16329 53
86 16265 45
65 16197 34
41 16127 21
18 16054 9
7 15977 3
2 15897 1
0 15812 0
2 15727 1
11 15640 5
21 15550 10
28 15460 14
34 15369 17
41 15276 20
49 15183 24
58 15089 28
70 14995 34
86 14900 41
106 14805 51
128 14710 61
149 14615 70
170 14520 80
190 14425 89
208 14333 96
220 14243 101
230 14154 105
244 14066 111
260 13976 117
275 13887 123
288 13796 128
299 13707 132
310 13626 136
312 13549 137
312 13470 136
318 13388 138
331 13310 142
345 13238 147
354 13169 151
362 13101 153
371 13034 156
378 12967 158
381 12902 159
387 12840 161
399 12780 165
408 12719 168
416 12661 170
425 12605 173
437 12550 177
450 12493 182
455 12440 183
455 12390 182
462 12341 184
471 12295 187
475 12249 188
479 12203 189
486 12154 191
492 12103 193
497 12054 194
508 12008 197
530 11968 205
555 11933 214
573 11905 220
586 11879 225
603 11847 231
619 11812 236
627 11777 239
629 11745 239
637 11712 241
648 11679 245
653 11648 246
658 11622 247
667 11597 250
677 11570 253
681 11544 254
678 11518 253
680 11489 252
686 11460 254
682 11433 252
670 11405 247
660 11373 243
655 11337 240
649 11306 237
639 11276 233
637 11245 232
644 11211 233
651 11175 235
653 11137 235
662 11096 237
673 11052 241
681 11008 242
680 10963 241
680 10919 240
681 10875 239
676 10830 237
664 10784 231
655 10738 227
649 10689 224
640 10641 220
629 10594 215
624 10547 213
628 10501 213
628 10457 212
627 10418 211
630 10382 211
636 10343 213
638 10302 212
635 10261 211
638 10223 211
651 10187 214
664 10151 218
669 10118 219
674 10090 220
682 10062 222
687 10032 223
689 10005 223
690 9985 223
699 9968 225
709 9951 228
708 9936 227
706 9918 226
714 9900 229
725 9881 232
733 9862 234
739 9844 235
750 9827 238
761 9807 241
767 9784 243
764 9755 241
771 9720 242
784 9680 245
793 9638 247
799 9597 248
807 9552 249
816 9509 251
822 9463 251
825 9418 251
840 9367 254
867 9314 261
889 9261 266
906 9207 270
932 9153 276
960 9096 282
985 9042 288
1007 8988 293
1029 8937 297
1052 8880 302
1067 8825 304
1075 8774 305
1086 8724 306
1102 8669 309
