16299 19224 10141
16324 19191 10139
16353 19159 10140
16378 19132 10141
16414 19107 10150
16436 19084 10152
16430 19063 10137
16421 19047 10123
16427 19036 10121
16444 19026 10126
16445 19010 10118
16403 18992 10082
16313 18975 10018
16195 18959 9937
16067 18943 9851
15958 18931 9777
15892 18919 9731
15868 18907 9710
15867 18894 9703
15863 18883 9694
15846 18875 9680
15818 18868 9659
15785 18860 9636
15753 18849 9610
15720 18835 9583
15695 18822 9561
15678 18808 9543
15668 18790 9529
15668 18771 9518
15672 18749 9510
15674 18727 9500
15666 18704 9483
15644 18680 9458
15615 18655 9427
15587 18627 9397
15567 18595 9368
15551 18558 9340
15535 18513 9308
15516 18462 9271
15494 18409 9231
15464 18358 9188
15419 18311 9138
15375 18265 9089
15353 18220 9053
15349 18177 9030
15350 18132 9008
15342 18081 8978
15328 18021 8940
15306 17958 8896
15274 17894 8846
15233 17833 8792
15195 17772 8740
15160 17708 8689
15121 17646 8636
15076 17586 8581
15025 17531 8525
14971 17482 8471
14917 17437 8418
14857 17392 8363
14791 17349 8305
14724 17306 8247
14662 17266 8193
14605 17230 8144
14558 17198 8104
14518 17169 8067
14482 17141 8034
14449 17113 8003
14416 17088 7973
14384 17069 7946
14356 17055 7924
14335 17045 7908
14322 17040 7898
14318 17037 7895
14338 17038 7907
14389 17044 7937
14445 17052 7972
14516 17062 8016
14590 17076 8063
14640 17094 8100
14651 17115 8115
14620 17137 8109
14569 17161 8092
14523 17187 8079
14492 17217 8075
14467 17251 8077
14433 17288 8075
14392 17328 8071
14347 17370 8066
14303 17411 8059
14262 17450 8055
14224 17493 8053
14182 17539 8050
14134 17586 8044
14091 17631 8041
14052 17674 8038
14017 17716 8037
13991 17758 8041
13961 17801 8043
13929 17842 8043
13904 17881 8046
13879 17917 8048
13851 17954 8049
13818 17994 8047
13781 18033 8043
13739 18073 8036
13687 18108 8022
13608 18139 7989
13545 18169 7965
13529 18199 7969
13541 18229 7989
13558 18256 8011
13556 18279 8019
13529 18298 8012
13495 18313 7999
13467 18329 7989
13454 18344 7988
13457 18356 7995
13463 18367 8003
13462 18376 8006
13457 18385 8008
13451 18395 8008
13438 18405 8005
13419 18413 7997
13401 18418 7989
13382 18424 7980
13362 18430 7970
13329 18435 7953
13286 18440 7929
13240 18446 7904
13193 18453 7879
13150 18457 7855
13116 18462 7837
13084 18467 7820
13051 18470 7802
13019 18472 7783
12984 18471 7762
12946 18472 7740
12911 18475 7720
12877 18479 7701
12839 18488 7682
12800 18499 7664
12765 18509 7646
12732 18518 7631
12699 18526 7614
12667 18533 7597
12639 18538 7583
12609 18541 7566
12581 18545 7551
12555 18549 7537
12531 18552 7524
12507 18556 7511
12483 18559 7498
12458 18558 7483
12434 18555 7467
12412 18552 7452
12398 18551 7444
12393 18550 7440
12393 18546 7439
12395 18539 7437
12392 18531 7432
12384 18523 7424
12371 18515 7413
12354 18508 7400
12335 18500 7385
12310 18491 7367
12283 18482 7347
12252 18475 7326
12219 18469 7304
12187 18465 7283
12159 18462 7265
12142 18461 7255
12131 18459 7247
12113 18457 7235
12084 18457 7219
12054 18458 7201
12019 18457 7180
11978 18452 7154
11937 18445 7126
11894 18435 7097
11851 18425 7067
11801 18414 7033
11748 18397 6995
11692 18377 6954
11639 18360 6916
11592 18345 6882
11555 18330 6855
11526 18316 6832
11502 18303 6813
11483 18291 6798
11466 18276 6782
11447 18261 6765
11421 18248 6745
11393 18234 6724
11370 18217 6703
11345 18199 6682
11324 18180 6663
11306 18159 6645
11290 18137 6627
11270 18116 6608
11246 18095 6586
11222 18075 6565
11204 18055 6547
11196 18035 6535
11193 18014 6526
11192 17987 6515
11190 17954 6502
11184 17923 6487
11171 17891 6469
11156 17857 6447
11137 17820 6423
11113 17779 6395
11085 17734 6362
11055 17686 6328
11026 17638 6294
10997 17591 6261
10971 17542 6229
10946 17490 6196
10922 17434 6163
10895 17378 6128
10870 17322 6094
10850 17266 6063
10834 17209 6034
10823 17148 6006
10816 17082 5979
10808 17017 5953
10798 16956 5926
10787 16899 5900
10776 16842 5874
10770 16783 5850
10762 16721 5824
10754 16658 5798
10740 16591 5767
10725 16523 5735
10711 16457 5705
10698 16392 5676
10685 16328 5646
10671 16266 5617
10658 16207 5590
10651 16151 5567
10650 16097 5548
10653 16044 5532
10661 15991 5517
10664 15934 5499
10663 15877 5479
10661 15824 5460
10658 15772 5440
10658 15720 5422
10654 15672 5404
10650 15626 5386
10649 15584 5371
10652 15543 5359
10654 15503 5346
10650 15461 5329
10643 15416 5310
10641 15377 5295
10642 15341 5283
10648 15308 5275
10658 15276 5269
10672 15244 5265
10685 15213 5261
10694 15185 5256
10702 15158 5250
10712 15127 5244
10727 15095 5241
10750 15061 5240
10773 15028 5240
10790 14996 5237
10795 14964 5228
10784 14933 5212
10768 14903 5193
10744 14872 5172
10716 14840 5147
10686 14807 5121
10659 14772 5096
10630 14735 5069
10603 14697 5043
10578 14658 5018
10556 14622 4995
10539 14587 4975
10525 14550 4956
10523 14512 4942
10531 14472 4932
10544 14431 4925
10555 14389 4915
10566 14349 4907
10580 14307 4899
10598 14264 4892
10619 14218 4886
10639 14171 4880
10663 14125 4874
10690 14081 4872
10718 14038 4870
10748 13995 4868
10780 13951 4868
10822 13909 4872
10867 13870 4878
10916 13829 4886
10961 13789 4892
11003 13746 4895
11044 13702 4897
11082 13659 4899
11117 13618 4900
11150 13580 4900
11188 13542 4903
11225 13503 4905
11257 13463 4905
11284 13427 4903
11314 13390 4903
11345 13351 4902
11377 13308 4900
11408 13263 4897
11434 13218 4891
11455 13176 4885
11470 13135 4876
11482 13093 4865
11493 13049 4854
11501 13003 4840
11505 12957 4824
11508 12909 4808
11510 12862 4791
11513 12811 4773
11515 12761 4756
11518 12712 4738
11523 12662 4722
11529 12614 4707
11536 12569 4692
11542 12524 4678
11548 12478 4663
11558 12426 4648
11571 12370 4633
11590 12313 4618
11614 12258 4607
11638 12205 4597
11659 12154 4586
11678 12105 4575
11692 12057 4562
11702 12009 4548
11709 11964 4534
11713 11919 4518
11711 11877 4501
11702 11838 4483
11688 11799 4463
11669 11761 4441
11643 11724 4418
11610 11688 4392
11569 11651 4362
11521 11615 4331
11475 11579 4300
11428 11544 4269
11382 11508 4239
11346 11472 4212
11316 11439 4189
11295 11407 4170
11291 11373 4156
11309 11334 4148
11341 11297 4146
11378 11263 4147
11411 11229 4147
11437 11192 4143
11458 11155 4137
11478 11119 4131
11497 11084 4124
11515 11049 4117
11532 11011 4109
11541 10974 4099
11541 10936 4085
11538 10900 4070
11533 10863 4055
11528 10826 4039
11522 10790 4024
11513 10756 4008
11494 10725 3989
11464 10693 3967
11429 10662 3944
11390 10628 3918
11350 10595 3892
11313 10562 3867
11277 10531 3843
11241 10502 3821
11207 10477 3800
11171 10454 3780
11133 10432 3759
11093 10411 3738
11053 10393 3718
11015 10377 3699
10979 10363 3682
10945 10349 3666
10917 10337 3652
10892 10330 3641
10866 10323 3630
10837 10316 3618
10810 10306 3605
10791 10294 3595
10783 10282 3588
10785 10273 3585
10788 10266 3584
10792 10263 3585
10794 10264 3586
10789 10265 3584
10775 10267 3580
10759 10270 3576
10743 10274 3572
10728 10280 3569
10719 10287 3569
10718 10293 3570
10722 10299 3573
10730 10303 3578
10743 10308 3584
10753 10315 3590
10758 10325 3595
10757 10336 3599
10747 10350 3600
10741 10365 3603
10737 10381 3607
10734 10400 3613
10733 10421 3620
10732 10439 3626
10728 10459 3631
10725 10479 3637
10723 10500 3644
10717 10518 3648
10710 10532 3650
10705 10541 3652
10704 10549 3655
10707 10557 3658
10711 10562 3661
10715 10566 3664
10718 10569 3666
10721 10571 3668
10721 10571 3668
10709 10573 3664
10691 10573 3658
10679 10571 3653
10667 10567 3648
10649 10564 3641
10646 10559 3638
10641 10554 3635
10629 10547 3628
10630 10536 3624
10665 10523 3632
10696 10509 3638
10688 10494 3630
10650 10478 3612
10612 10461 3593
10599 10443 3582
10625 10421 3583
10637 10398 3579
10635 10376 3571
10627 10355 3561
10605 10336 3548
10582 10319 3534
10564 10303 3523
10560 10287 3515
10574 10266 3513
10610 10243 3517
10635 10221 3518
10580 10198 3492
10443 10171 3438
10309 10141 3383
10211 10111 3341
10127 10081 3304
10061 10049 3272
10015 10015 3246
9990 9977 3225
9982 9936 3210
9991 9894 3199
10025 9854 3197
10085 9814 3203
10170 9774 3217
10274 9730 3235
10391 9682 3256
10518 9633 3279
10658 9584 3306
10812 9536 3337
10986 9486 3373
11187 9434 3415
11412 9381 3465
11659 9327 3519
11915 9272 3576
12169 9216 3630
12406 9157 3677
12620 9095 3714
12808 9031 3743
12967 8969 3764
13102 8908 3777
13217 8851 3786
13318 8795 3791
13411 8738 3792
13501 8681 3793
13592 8624 3793
13682 8565 3793
13768 8507 3791
13848 8451 3787
13924 8395 3783
14002 8340 3779
14094 8289 3781
14203 8244 3789
14337 8199 3805
14496 8156 3826
14686 8112 3856
14913 8071 3895
15184 8031 3947
15500 7994 4010
15864 7956 4085
16284 7919 4174
16766 7886 4279
17310 7859 4402
17913 7834 4542
18576 7810 4695
19294 7784 4861
20062 7760 5039
20874 7740 5229
21719 7724 5430
22582 7714 5638
23458 7705 5850
24339 7697 6063
25220 7686 6274
26090 7678 6483
26946 7672 6691
27778 7668 6894
28581 7665 7091
29352 7663 7280
30083 7662 7460
30772 7662 7631
31415 7664 7792
32024 7667 7946
32605 7670 8094
33153 7673 8233
33677 7677 8368
34176 7681 8496
34641 7686 8617
35077 7694 8734
35482 7702 8845
35858 7710 8948
36223 7718 9048
36569 7724 9142
36899 7732 9234
37219 7747 9332
37529 7766 9433
37839 7789 9539
38144 7813 9646
38452 7837 9754
38764 7865 9867
39077 7896 9986
39390 7930 10109
39701 7965 10234
40010 8002 10362
40313 8044 10495
40612 8088 10631
40907 8135 10770
41194 8184 10912
41468 8238 11056
41732 8297 11206
41984 8361 11362
42216 8431 11519
42429 8505 11679
42623 8586 11845
42799 8678 12021
42954 8781 12208
43090 8898 12410
43206 9031 12628
43305 9180 12867
43384 9351 13130
43444 9541 13416
43489 9756 13732
43517 9998 14081
43527 10270 14468
43524 10577 14899
43518 10921 15381
43513 11299 15912
43504 11714 16493
43490 12165 17123
43462 12653 17798
43414 13175 18512
43347 13729 19260
43264 14310 20037
43169 14912 20835
43063 15533 21649
42946 16171 22477
42814 16817 23304
42674 17469 24127
42532 18122 24945
42393 18774 25759
42255 19425 26565
42119 20072 27362
41976 20715 28143
41828 21351 28904
41674 21975 29640
41519 22589 30355
41370 23197 31060
41226 23799 31754
41086 24393 32436
40948 24979 33104
40812 25554 33753
40676 26120 34386
40541 26679 35006
40406 27234 35615
40270 27781 36208
40130 28318 36779
39988 28846 37333
39845 29369 37875
39707 29886 38407
39569 30396 38927
39434 30899 39436
39302 31396 39935
39169 31887 40423
39037 32372 40900
38902 32852 41363
38768 33327 41816
38633 33794 42254
38495 34254 42677
38356 34709 43088
38218 35158 43488
38085 35605 43887
37950 36050 44278
37813 36493 44660
37678 36936 45041
37549 37377 45423
37422 37816 45801
37299 38254 46180
37181 38693 46562
37066 39132 46944
36960 39567 47330
36858 39994 47710
36762 40414 48085
36667 40829 48453
36570 41239 48809
36473 41643 49157
36371 42043 49490
36269 42437 49815
36171 42828 50137
36074 43216 50455
35981 43594 50767
35889 43964 51066
35797 44328 51357
35709 44685 51643
35625 45036 51926
35541 45382 52203
35463 45720 52476
35394 46052 52754
35335 46377 53038
35290 46694 53331
35253 47002 53628
35221 47302 53921
35189 47596 54206
35159 47884 54488
35137 48163 54772
35116 48435 55048
35093 48701 55314
35072 48959 55574
35050 49210 55823
35028 49456 56066
35005 49698 56305
34980 49939 56537
34956 50173 56762
34938 50398 56987
34925 50615 57213
34917 50823 57435
34908 51021 57643
34894 51207 57830
34871 51385 57994
34840 51555 58132
34801 51719 58252
34758 51876 58357
34718 52025 58457
34671 52164 58535
34615 52298 58590
34553 52423 58625
34482 52537 58632
34404 52643 58618
34320 52743 58586
34230 52840 58539
34136 52932 58480
34036 53013 58399
33924 53084 58284
33809 53143 58152
33692 53193 58004
33574 53236 57848
33458 53271 57685
33342 53300 57517
33229 53322 57346
33114 53340 57165
32995 53354 56976
32880 53361 56784
32774 53361 56601
32680 53352 56429
32595 53338 56268
32521 53322 56123
32451 53303 55983
32385 53280 55845
32315 53254 55698
32248 53226 55553
32183 53197 55409
32118 53170 55269
32052 53141 55127
31984 53111 54979
31915 53083 54831
31841 53056 54676
31761 53032 54514
31673 53007 54338
31577 52981 54147
31472 52958 53942
31356 52938 53724
31237 52920 53501
31114 52904 53274
30995 52890 53057
30885 52881 52859
30793 52874 52694
30711 52868 52548
30637 52862 52415
30566 52858 52291
30495 52858 52168
30424 52858 52048
30360 52859 51938
30306 52858 51845
30265 52855 51774
30242 52851 51730
30232 52846 51707
30227 52838 51692
30222 52830 51675
30213 52818 51649
30204 52804 51618
30186 52787 51572
30158 52767 51504
30121 52747 51421
30070 52725 51313
30008 52698 51181
29936 52666 51027
29853 52631 50851
29764 52594 50664
29672 52555 50469
29570 52514 50258
29465 52469 50037
29356 52420 49805
29244 52367 49564
29135 52312 49328
29028 52252 49090
28923 52189 48854
28823 52121 48622
28720 52049 48380
28621 51971 48142
28525 51889 47905
28436 51807 47680
28358 51722 47472
28283 51632 47264
28191 51537 47022
28085 51439 46757
27973 51340 46481
27852 51240 46189
27721 51136 45879
27580 51029 45549
27427 50915 45197
27265 50799 44826
27094 50679 44440
26915 50558 44041
26733 50433 43635
26544 50305 43217
26352 50172 42790
26156 50037 42358
25957 49899 41920
25752 49757 41471
25534 49610 40998
25304 49457 40502
25061 49297 39984
24806 49135 39447
24538 48969 38890
24253 48802 38307
23950 48632 37697
23629 48456 37057
23295 48273 36395
22950 48083 35715
22590 47887 35011
22218 47689 34293
21831 47490 33554
21429 47288 32796
21013 47082 32019
20580 46874 31222
20138 46665 30415
19694 46459 29612
19268 46250 28843
18871 46039 28119
18488 45825 27420
18098 45609 26716
17680 45389 25972
17228 45164 25183
16741 44936 24348
16233 44708 23489
15733 44480 22650
15262 44252 21859
14825 44028 21125
14421 43804 20445
14057 43579 19827
13715 43351 19243
13355 43121 18638
12994 42891 18038
12667 42660 17489
12343 42429 16949
11995 42196 16381
11639 41961 15807
11300 41726 15260
11001 41486 14771
10759 41242 14362
10580 40993 14037
10478 40742 13816
10455 40487 13700
10500 40230 13671
10603 39971 13717
10763 39706 13831
10949 39438 13975
11159 39166 14146
11481 38893 14451
11936 38616 14918
12408 38339 15397
12842 38061 15820
13228 37780 16175
13566 37499 16464
13866 37216 16702
14140 36933 16902
14403 36650 17085
14661 36369 17258
14905 36083 17407
15112 35792 17506
15272 35500 17547
15381 35207 17526
15457 34915 17466
15508 34625 17378
15534 34334 17262
15556 34043 17139
15587 33753 17028
15633 33465 16932
15694 33178 16852
15770 32892 16787
15859 32605 16735
15957 32316 16689
16052 32030 16641
16125 31749 16570
16198 31469 16497
16290 31188 16443
16355 30907 16360
16397 30628 16254
16465 30351 16174
16570 30078 16131
16675 29811 16089
16780 29546 16046
16890 29284 16008
16994 29028 15965
17091 28776 15917
17178 28527 15861
17263 28284 15803
17352 28044 15749
17445 27808 15700
17536 27580 15653
17624 27361 15606
17658 27150 15516
17646 26946 15389
17620 26750 15255
17587 26559 15118
17568 26376 14997
17552 26200 14884
17522 26035 14764
17489 25876 14647
17446 25727 14526
17362 25587 14378
17266 25454 14224
17194 25326 14094
17156 25207 13996
17132 25093 13914
17099 24981 13824
17054 24869 13726
16994 24760 13619
16911 24655 13495
16827 24550 13370
16753 24444 13253
16690 24338 13146
16644 24230 13052
16608 24118 12964
16564 24006 12870
16503 23895 12762
16431 23784 12648
16362 23674 12537
16294 23564 12426
16228 23454 12319
16156 23344 12206
16075 23233 12088
16012 23120 11981
15949 23008 11876
15880 22897 11768
15823 22788 11670
15778 22681 11582
15741 22574 11501
15706 22467 11420
15669 22360 11339
15634 22250 11258
15604 22139 11181
15582 22031 11110
15564 21923 11043
15549 21813 10977
15533 21703 10910
15518 21595 10846
15496 21491 10778
15463 21391 10705
15416 21294 10624
15356 21195 10533
15279 21092 10430
15192 20988 10320
15093 20883 10201
14994 20778 10083
14909 20675 9976
14831 20573 9875
14750 20474 9774
14667 20377 9673
14586 20280 9574
14505 20184 9475
14420 20092 9377
14335 20001 9279
14248 19910 9181
14171 19820 9091
14104 19733 9008
14054 19651 8938
14016 19572 8879
13985 19495 8824
13958 19418 8772
13923 19344 8717
13873 19272 8653
13816 19200 8586
13759 19129 8518
13696 19057 8447
13631 18986 8376
13570 18916 8308
13504 18846 8236
13422 18779 8157
13329 18714 8073
13232 18652 7988
13142 18592 7908
13071 18530 7839
13011 18468 7777
12951 18407 7715
12887 18348 7652
12814 18291 7586
12746 18236 7523
12687 18184 7466
12623 18134 7408
12550 18083 7345
12474 18036 7282
12393 17993 7217
12322 17952 7159
12270 17912 7113
12230 17880 7077
12191 17851 7043
12145 17829 7008
12091 17813 6970
12022 17796 6924
11946 17780 6874
11868 17769 6825
11805 17761 6786
11761 17757 6759
11728 17753 6738
11696 17752 6720
11662 17755 6701
11625 17764 6683
11589 17780 6669
11560 17800 6659
11534 17826 6654
11518 17854 6655
11507 17884 6660
11497 17914 6666
11478 17943 6666
11439 17971 6653
11392 17998 6636
11342 18026 6617
11293 18056 6600
11252 18086 6586
11222 18117 6580
11209 18151 6584
11205 18186 6595
11189 18219 6598
11159 18256 6593
11121 18295 6585
11081 18332 6574
11052 18367 6569
11034 18399 6570
11022 18428 6574
11005 18456 6573
10975 18485 6566
10942 18516 6557
10927 18547 6559
10927 18578 6570
10929 18608 6582
10930 18633 6591
10929 18655 6598
10929 18676 6606
10936 18699 6618
10942 18720 6630
10961 18739 6647
10993 18755 6673
11029 18770 6700
11054 18784 6720
11074 18797 6737
11116 18807 6766
11250 18818 6852
11504 18830 7011
11671 18843 7118
11638 18856 7102
11505 18869 7026
11365 18881 6945
11260 18892 6884
11148 18901 6820
11035 18908 6753
10932 18915 6692
10843 18920 6639
10782 18922 6603
10745 18925 6581
10743 18928 6581
10763 18934 6596
10801 18940 6621
10841 18941 6646
10892 18937 6676
10964 18932 6718
11038 18927 6762
11104 18921 6800
11154 18914 6828
11171 18905 6835
11183 18898 6840
11217 18892 6858
11226 18883 6861
11196 18876 6840
11154 18871 6812
11116 18868 6788
11076 18867 6763
11035 18864 6737
10999 18858 6713
10956 18852 6685
10896 18846 6646
10828 18839 6602
10763 18830 6559
10706 18822 6522
10659 18817 6491
10622 18812 6467
10585 18807 6443
10558 18801 6424
10551 18794 6418
10557 18788 6420
10564 18783 6422
10573 18777 6425
10579 18773 6428
10571 18772 6422
10557 18770 6414
10544 18768 6405
10530 18768 6396
10519 18771 6391
10512 18777 6389
10511 18787 6391
10512 18797 6395
10508 18809 6397
10508 18822 6401
10511 18840 6409
10511 18858 6415
10507 18880 6420
10494 18901 6420
10468 18921 6410
10442 18941 6401
10427 18962 6399
10428 18988 6408
10440 19017 6425
10457 19044 6445
10470 19070 6462
10464 19096 6467
10437 19126 6461
10404 19157 6451
10369 19189 6440
10341 19222 6433
10319 19257 6431
10304 19293 6434
10293 19326 6438
10277 19357 6438
10258 19389 6437
10247 19425 6442
10236 19459 6446
10231 19491 6454
10239 19518 6468
10256 19545 6488
10272 19569 6506
10287 19590 6522
10308 19606 6541
10339 19619 6564
10372 19629 6589
10402 19636 6610
10422 19639 6624
10429 19641 6629
10416 19642 6621
10393 19642 6607
10384 19640 6601
10403 19638 6612
10434 19634 6630
10468 19626 6649
10499 19614 6665
10519 19599 6672
10527 19578 6670
10522 19552 6658
10505 19524 6638
10484 19494 6615
10466 19460 6591
10454 19421 6571
10449 19380 6554
10442 19336 6535
10420 19288 6505
10377 19240 6462
10290 19191 6391
10267 19141 6360
10328 19090 6381
10411 19039 6415
10479 18986 6439
10484 18934 6424
10444 18885 6384
10394 18837 6337
10356 18788 6297
10353 18737 6278
10388 18683 6281
10442 18628 6295
10508 18573 6316
10576 18514 6337
10638 18457 6354
10691 18400 6366
10732 18344 6372
10755 18289 6366
10747 18234 6342
10701 18178 6296
10636 18120 6237
10577 18059 6182
10539 17998 6139
10523 17941 6110
10521 17884 6090
10521 17827 6070
10514 17766 6045
10505 17702 6018
10489 17635 5986
10469 17571 5953
10460 17508 5927
10464 17448 5909
10470 17390 5893
10475 17334 5877
10476 17280 5859
10465 17224 5834
10452 17169 5808
10442 17115 5784
10441 17063 5766
10442 17011 5749
10449 16964 5736
10475 16917 5735
10522 16869 5744
10582 16821 5761
10644 16776 5779
10686 16730 5786
10702 16686 5780
10695 16645 5761
10677 16607 5738
10653 16569 5713
10628 16533 5687
10595 16498 5657
10559 16465 5626
10529 16433 5600
10500 16400 5573
10475 16370 5549
10465 16340 5534
10475 16311 5529
10493 16280 5529
10507 16246 5524
10505 16209 5511
10479 16173 5485
10435 16137 5450
10376 16106 5409
10302 16077 5360
10224 16048 5310
10158 16016 5265
10097 15983 5223
10053 15948 5189
10045 15911 5172
10074 15872 5175
10126 15831 5188
10177 15785 5199
10215 15734 5202
10243 15682 5199
10255 15631 5188
10247 15579 5167
10222 15525 5136
10175 15470 5094
10121 15412 5048
10090 15356 5014
10101 15301 5002
10146 15249 5007
10207 15199 5021
10257 15146 5028
10285 15085 5021
10303 15024 5010
10312 14962 4994
10304 14899 4969
10287 14836 4939
10284 14773 4917
10307 14708 4906
10341 14643 4901
10374 14580 4895
10400 14521 4887
10427 14460 4879
10436 14396 4862
10405 14332 4826
10361 14269 4784
10336 14206 4752
10333 14144 4730
10330 14085 4709
10314 14025 4682
10300 13965 4655
10288 13907 4630
10256 13852 4598
10214 13797 4561
10194 13743 4534
10201 13687 4519
10216 13632 4507
10218 13579 4491
10218 13527 4473
10228 13478 4461
10220 13430 4442
10195 13384 4416
10190 13338 4399
10211 13293 4393
10233 13251 4388
10238 13214 4378
10245 13180 4370
10245 13146 4359
10208 13110 4331
10149 13071 4293
10108 13034 4264
10085 13000 4243
10058 12972 4223
10030 12949 4203
10014 12925 4189
9991 12897 4170
9955 12866 4145
9931 12836 4126
9930 12809 4116
9928 12781 4106
9913 12753 4092
9906 12727 4080
9889 12702 4065
9848 12676 4040
9810 12644 4014
9788 12610 3995
9768 12578 3976
9738 12546 3954
9718 12515 3936
9703 12481 3919
9676 12447 3898
9654 12412 3878
9658 12375 3868
9665 12338 3859
9659 12300 3845
9659 12260 3832
9661 12215 3819
9648 12169 3800
9628 12124 3778
9624 12078 3762
9624 12030 3747
9607 11981 3725
9586 11929 3701
9565 11874 3676
9526 11818 3643
9471 11760 3605
9431 11702 3572
9415 11648 3549
9389 11595 3523
9340 11542 3489
9298 11487 3457
9268 11432 3429
9226 11380 3398
9183 11331 3367
9158 11282 3344
9146 11232 3325
9121 11182 3301
9076 11129 3269
9029 11079 3237
8977 11028 3204
8892 10979 3159
8764 10932 3101
8661 10888 3052
8619 10848 3026
8556 10811 2993
8329 10775 2904
8106 10741 2818
8060 10708 2793
7981 10679 2758
7960 10653 2744
8199 10632 2821
8461 10615 2907
8590 10602 2947
8560 10591 2934
8431 10582 2887
8293 10573 2838
8190 10566 2800
8127 10561 2778
8109 10561 2771
8108 10563 2772
8091 10569 2767
8067 10578 2761
8040 10588 2755
8020 10600 2751
8021 10613 2755
8027 10628 2761
8031 10643 2766
8037 10656 2772
8057 10668 2782
8084 10679 2794
8103 10689 2803
8112 10699 2809
8109 10711 2811
8105 10726 2813
8105 10740 2817
8105 10758 2822
8108 10777 2828
8120 10797 2837
8138 10815 2848
8154 10832 2858
8166 10849 2867
8179 10861 2875
8192 10872 2882
8202 10883 2889
8212 10893 2895
8225 10901 2901
8240 10903 2907
8262 10901 2915
8290 10897 2924
8327 10893 2935
8368 10892 2950
8409 10887 2963
8446 10880 2974
8479 10868 2982
8513 10855 2990
8541 10843 2997
8565 10829 3002
8587 10812 3005
8606 10791 3005
8619 10768 3004
8626 10745 2999
8627 10718 2992
8623 10687 2982
8613 10648 2968
8594 10602 2948
8573 10551 2927
8556 10496 2906
8544 10438 2886
8536 10373 2865
8531 10304 2845
8528 10231 2824
8516 10155 2799
8496 10075 2770
8468 9991 2738
8437 9906 2705
8408 9821 2672
8380 9736 2640
8353 9649 2608
8324 9561 2576
8293 9471 2542
8261 9381 2508
8226 9290 2473
8189 9198 2437
8150 9105 2402
8109 9014 2366
8069 8925 2331
8031 8834 2296
7993 8744 2262
7959 8653 2228
7923 8566 2196
7892 8483 2167
7862 8405 2139
7832 8331 2112
7801 8256 2084
7773 8181 2058
7749 8108 2033
7727 8037 2010
7709 7968 1988
7688 7901 1966
7668 7837 1945
7650 7776 1925
7627 7717 1905
7603 7660 1885
7579 7607 1866
7555 7554 1847
7531 7502 1828
7507 7451 1810
7484 7404 1793
7461 7360 1777
7439 7320 1762
7415 7284 1748
7388 7253 1734
7358 7227 1721
7327 7204 1708
7296 7185 1696
7264 7169 1685
7230 7156 1674
7194 7144 1663
7157 7136 1652
7119 7131 1643
7085 7134 1636
7055 7139 1630
7024 7144 1624
6990 7151 1617
6955 7164 1612
6919 7184 1608
6886 7207 1606
6856 7234 1605
6828 7262 1604
6802 7293 1605
6780 7328 1608
6765 7367 1613
6758 7409 1620
6760 7453 1630
6764 7501 1642
6766 7549 1653
6773 7603 1666
6784 7660 1681
6801 7720 1699
6821 7778 1717
6841 7833 1734
6857 7886 1750
6867 7940 1764
6867 7996 1777
6866 8051 1789
6866 8106 1801
6863 8160 1812
6858 8213 1823
6854 8265 1833
6851 8316 1844
6844 8367 1853
6832 8415 1860
6807 8461 1864
6771 8505 1864
6729 8549 1862
6683 8595 1859
6640 8644 1857
6604 8691 1857
6579 8736 1860
6567 8780 1866
6566 8821 1874
6569 8863 1884
6577 8904 1895
6588 8945 1907
6607 8982 1920
6633 9014 1935
6670 9043 1952
6717 9068 1971
6780 9092 1995
6856 9118 2023
6953 9141 2057
7076 9161 2098
7229 9178 2147
7420 9193 2207
7637 9205 2275
7856 9216 2343
8084 9224 2413
8318 9233 2485
8545 9243 2556
8766 9251 2624
8980 9253 2689
9182 9255 2750
9369 9257 2807
9536 9261 2858
9680 9264 2902
9823 9268 2946
10072 9270 3021
10372 9268 3111
10595 9264 3176
10718 9258 3212
10781 9252 3228
10826 9243 3238
10889 9233 3254
10990 9223 3281
11133 9214 3320
11311 9205 3370
11517 9197 3428
11752 9190 3495
12022 9183 3573
12336 9179 3664
12700 9174 3770
13120 9167 3893
13599 9158 4031
14138 9143 4184
14741 9126 4354
15410 9107 4542
16150 9089 4751
16966 9071 4981
17841 9054 5228
18759 9038 5487
19712 9020 5754
20683 8999 6024
21662 8976 6293
22642 8955 6562
23616 8934 6828
24571 8911 7086
25500 8886 7334
26394 8860 7569
27244 8830 7786
28047 8795 7984
28797 8761 8165
29504 8726 8333
30166 8692 8487
30783 8657 8625
31360 8620 8749
31903 8581 8860
32421 8542 8963
32922 8502 9060
33402 8463 9149
33857 8421 9228
34286 8378 9297
34692 8336 9359
35082 8295 9419
35462 8256 9476
35835 8217 9530
36202 8180 9585
36560 8146 9639
36907 8114 9692
37244 8083 9744
37571 8055 9794
37894 8029 9848
38219 8010 9908
38542 7997 9975
38869 7988 10049
39190 7987 10131
39492 7992 10215
39780 8003 10303
40071 8018 10399
40360 8039 10501
40634 8069 10612
40892 8106 10728
41133 8148 10847
41354 8195 10968
41556 8249 11094
41739 8311 11228
41903 8386 11374
42044 8473 11530
42161 8573 11698
42260 8687 11882
42346 8819 12087
42403 8974 12315
42423 9154 12568
42438 9360 12856
42442 9596 13181
42416 9861 13538
42357 10161 13929
42304 10496 14371
42261 10870 14868
42214 11281 15413
42150 11732 16005
42058 12226 16643
41940 12761 17322
41794 13331 18033
41635 13930 18771
41479 14554 19539
41336 15196 20330
41204 15850 21138
41080 16511 21953
40957 17178 22772
40824 17848 23582
40677 18518 24379
40519 19185 25159
40355 19848 25924
40184 20506 26669
40010 21156 27395
39839 21800 28108
39664 22436 28802
39482 23063 29471
39297 23680 30117
39112 24287 30743
38928 24886 31354
38752 25477 31954
38580 26059 32538
38406 26629 33101
38233 27191 33646
38055 27745 34171
37878 28291 34682
37709 28826 35180
37548 29347 35663
37390 29853 36126
37223 30346 36559
37053 30833 36976
36886 31312 37381
36720 31781 37769
36558 32241 38148
36397 32694 38512
36236 33139 38865
36080 33581 39214
35934 34019 39564
35796 34452 39914
35666 34882 40265
35535 35308 40607
35398 35731 40936
35265 36152 41262
35136 36570 41587
35022 36988 41925
34917 37403 42269
34814 37813 42607
34708 38218 42932
34594 38620 43240
34472 39017 43531
34344 39414 43810
34215 39812 44087
34080 40206 44348
33947 40599 44606
33824 40994 44877
33710 41389 45157
33606 41781 45444
33512 42172 45740
33431 42559 46048
33364 42938 46365
33313 43310 46695
33273 43677 47035
33233 44041 47369
33196 44400 47702
33153 44755 48022
33094 45107 48313
33023 45458 48584
32959 45804 48861
32906 46146 49146
32869 46483 49448
32839 46814 49756
32818 47139 50068
32798 47458 50376
32782 47772 50686
32773 48081 51000
32766 48383 51308
32763 48679 51618
32759 48970 51921
32751 49260 52215
32738 49541 52492
32721 49812 52752
32701 50073 52996
32684 50326 53236
32671 50569 53471
32652 50806 53691
32633 51035 53901
32608 51257 54094
32574 51472 54264
32521 51679 54395
32447 51877 54478
32360 52065 54529
32262 52244 54551
32159 52415 54554
32050 52579 54539
31937 52737 54511
31825 52887 54474
31716 53031 54435
31611 53164 54391
31499 53283 54321
31382 53392 54229
31269 53493 54136
31159 53585 54039
31048 53670 53931
30936 53749 53817
30824 53819 53691
30712 53879 53556
30594 53931 53402
30466 53977 53223
30331 54016 53026
30191 54048 52813
30043 54070 52575
29882 54082 52304
29707 54089 52004
29540 54093 51715
29378 54091 51431
29205 54083 51120
29036 54072 50814
28886 54057 50538
28755 54039 50292
28643 54019 50078
28550 53995 49892
28464 53969 49719
28379 53940 49543
28293 53909 49365
28215 53873 49196
28139 53835 49028
28064 53794 48862
27994 53750 48700
27923 53702 48532
27843 53654 48351
27762 53605 48166
27693 53556 48001
27636 53506 47858
27589 53452 47729
27566 53397 47638
27560 53339 47577
27569 53283 47543
27588 53230 47527
27603 53178 47507
27609 53125 47471
27604 53069 47411
27586 53013 47332
27563 52956 47241
27532 52904 47141
27488 52855 47022
27437 52808 46894
27391 52759 46770
27346 52709 46651
27305 52663 46539
27270 52619 46442
27233 52579 46343
27178 52538 46213
27029 52495 45922
26850 52451 45580
26888 52408 45606
26952 52366 45678
26905 52321 45561
26797 52275 45337
26651 52228 45051
26498 52181 44752
26360 52132 44476
26247 52080 44240
26172 52025 44068
26122 51969 43936
26068 51912 43798
25989 51855 43618
25882 51798 43389
25765 51741 43146
25647 51685 42903
25523 51631 42651
25395 51578 42394
25267 51524 42134
25133 51466 41865
24994 51406 41583
24851 51341 41294
24713 51277 41013
24583 51210 40745
24449 51143 40469
24279 51076 40135
